taxonomy	WRNA01	WRNA02	WRNA03	WRNA04	WRNA05	WRNA06	WRNA07	WRNA08	WRNA09	WRNA10	WRNA11	WRNA12
Marine_Methylotrophic_Group_2	0.113959269	0.05779741	0.077757496	0.10336729	0.077117399	0.061591766	0.091569742	0.060590611	0.066909187	0.095898599	0.048403211	0.084152773
Marinimicrobia_(SAR406_clade)	0.067987118	0.051678885	0.065713504	0.066695222	0.085034165	0.063270875	0.076744047	0.036795215	0.034753911	0.066654121	0.041595008	0.067586314
AEGEAN-169_marine_group	0.046498303	0.052574537	0.060333166	0.080446077	0.042276198	0.059100157	0.043265891	0.02864373	0.042754526	0.053801658	0.023704079	0.035028211
SAR202_clade	0.038628586	0.039594201	0.052796065	0.056617109	0.051212624	0.044858945	0.03352474	0.023172753	0.027284255	0.046672415	0.035303351	0.056242142
Clade_II	0.037706538	0.010217196	0.06648779	0.043848093	0.062823199	0.041271794	0.053530887	0.031562727	0.029299335	0.046437226	0.024343756	0.043395083
Nitrosopumilaceae	0.031105193	0.009642176	0.04560603	0.025358354	0.051454602	0.040611639	0.022655061	0.015611779	0.008829391	0.035091724	0.024097495	0.050409445
SAR324_clade(Marine_group_B)	0.034276122	0.022546992	0.03397108	0.031354129	0.035114521	0.034353897	0.031375923	0.017161961	0.015544903	0.031800061	0.016509467	0.034860038
Alteromonas	0.000933672	0.000776409	0.002545145	0.006021321	0.000479583	0.023485888	0.004007623	0.190077552	0.000661032	0.001270287	0.05947092	0.001471744
Marine_Group_II	0.019427626	0.013724285	0.037883001	0.020078734	0.035192507	0.029407308	0.017615731	0.014629974	0.00612627	0.022810742	0.014221046	0.02442525
Pseudomonas	0.015934646	0.030132877	0.001076729	0.00203606	0.002704761	0.110694687	0.006310808	0.006966178	0.002610008	0.000709692	0.018633714	0.003319876
Arctic97B-4_marine_group	0.01846968	0.005878051	0.018708471	0.013262064	0.018119203	0.013775024	0.012240264	0.009406768	0.008030467	0.021462278	0.013369145	0.021877728
Acinetobacter	0.006027672	0.010194009	0.000918897	0.000791943	0.007311091	0.008517922	0.017610251	0.005839422	0.07273977	0.002099388	0.019985144	0.005577321
Poribacteria	0.012326112	0.010690858	0.01840107	0.014851911	0.02067455	0.012199142	0.01356061	0.006992598	0.005895975	0.011959369	0.006506884	0.010501523
Rheinheimera	0.00653673	0.024146182	0.000561089	0.000228216	0.000290082	0.000611872	0.011678511	0.0198339	0.012607933	0.002952403	0.037462635	0.002079483
JL-ETNP-F27	0.008863559	0.005328867	0.013990036	0.008335838	0.009650699	0.008224889	0.007263503	0.00623143	0.006163942	0.010654117	0.00681521	0.012990318
Clade_Ib	0.008338433	0.002814151	0.010701179	0.010746581	0.010985223	0.007762031	0.007638462	0.005860129	0.006901738	0.010093192	0.005356667	0.009919588
OM190	0.007856383	0.005679974	0.008381626	0.007757635	0.007231647	0.006958689	0.008544573	0.004085025	0.00712919	0.011200529	0.006625009	0.010486396
Pla3_lineage	0.006177757	0.007671343	0.007712286	0.013027887	0.00687451	0.005688327	0.007701031	0.003892234	0.00787978	0.008105461	0.004204448	0.007540239
SUP05_cluster	0.00818869	0.001058619	0.010338413	0.004656284	0.011480112	0.006196971	0.005663651	0.003970065	0.005218595	0.008701022	0.005551874	0.009901792
Marine_Group_III	0.004547335	0.003672043	0.01096561	0.006544174	0.014964013	0.009647595	0.006321312	0.002631239	0.001434367	0.004462003	0.005629956	0.009068041
S25-593	0.008337407	0.004664415	0.011474639	0.007455334	0.008974326	0.006668987	0.004803211	0.004838338	0.002802632	0.008146364	0.004397653	0.006498273
Nitrospina	0.005314512	0.005914486	0.005370422	0.006980168	0.009050127	0.005108922	0.006161464	0.003254596	0.003084814	0.004009602	0.002901069	0.005543509
UBA10353_marine_group	0.007108694	0.002707494	0.006620683	0.003118382	0.007012992	0.005008192	0.005447171	0.003897232	0.0022141	0.006355394	0.003904131	0.006991227
Chryseobacterium	0.003687509	0.00032527	0.000174359	5.36E-05	0.000128278	0.000122374	0.002394983	0.002293498	0.025304714	0.001197553	0.021208439	0.000896927
Sphingobium	0.014029354	0.000681014	0.000328059	0.000271645	0.000336729	0.001992121	0.005628941	0.004321372	0.008684391	0.003017386	0.01021781	0.000760786
SAR86_clade	0.004777761	0.003361347	0.00567617	0.003246966	0.00600645	0.004055004	0.004573029	0.002512708	0.003710306	0.004712366	0.003612822	0.003808381
Comamonas	0.001275893	0.00466839	0.000104946	0.00038405	0.000165449	0.000121542	0.002718333	0.001680851	0.026938813	0.003188912	0.004834114	0.002903446
BD7-11	0.003527509	0.005161926	0.005445619	0.005038631	0.003010149	0.003110973	0.002660788	0.002432022	0.001271597	0.004650023	0.002101223	0.003543218
Milano-WF1B-03	0.004276908	0.002304715	0.003566509	0.002986391	0.004047302	0.001765687	0.003989355	0.003841537	0.003546114	0.004115651	0.003063241	0.004134941
Brevundimonas	0.001621191	0.000636629	0.000176838	0.000191599	0.000245622	0.000115715	0.003215233	0.018643595	0.003961925	0.000866045	0.010495104	0.000243808
Lentisphaera	0.003432467	0.000624042	0.005548913	0.003625055	0.002859277	0.002427508	0.002070263	0.001787243	0.002149419	0.002999573	0.002563712	0.00264985
Sva0996_marine_group	0.004033832	0.000734674	0.003755742	0.000864325	0.002809716	0.002996091	0.002791407	0.001133896	0.002393929	0.003113704	0.002699856	0.002969292
Pseudoalteromonas	0.003081357	0.001195087	0.001409746	0.002367313	0.001241231	0.002658937	0.001412602	0.006598447	0.000530958	0.001526753	0.004246493	0.002834931
Clade_Ia	0.002530932	0.000331895	0.001415531	0.005185949	0.002159582	0.001348615	0.003270495	0.002927566	0.001447162	0.003258018	0.001186255	0.002640063
KI89A_clade	0.002256403	0.000446501	0.002123709	0.002942962	0.002131157	0.00245165	0.003166365	0.001474493	0.001334146	0.001704876	0.001041101	0.001370305
Herbaspirillum	0.000290939	1.32E-05	0.000109904	0.00023588	6.34E-05	0.000111552	0.004382125	0.000877556	0.007196004	0.001184194	0.0050093	0.002051899
LS-NOB	0.001838284	0.001396476	0.001860105	0.001850422	0.002525464	0.001789829	0.002604613	0.00152162	0.00130145	0.001118222	0.000996054	0.001937114
SM1A02	0.001289568	0.002708819	0.001512213	0.000964808	0.001714254	0.001989624	0.00064122	0.000433423	0.000420786	0.001304428	0.0019851	0.003012003
FS140-16B-02_marine_group	0.001842387	0.000278235	0.002426152	0.000308262	0.001599825	0.001647475	0.001064132	0.00149163	0.001469196	0.002086853	0.001600694	0.001715551
Methylobacterium-Methylorubrum	0.000744271	0.000609468	0.000695783	0.001325866	0.000434394	0.000626024	0.00114908	0.001158888	0.001391009	0.002674992	0.002469613	0.003795924
HOC36	0.002536743	0.000866504	0.002174116	0.000187341	0.002252874	0.001052253	0.000675473	0.000988232	0.000529536	0.001817523	0.001331409	0.002175582
PAUC34f	0.001447175	0.001050007	0.001834488	0.00423136	0.00141907	0.001093044	0.000923466	0.00039772	0.001002209	0.0010539	0.000532563	0.001045525
Cupriavidus	0.001038287	0.000934075	8.59E-05	0.000143912	0.000102768	0.001832286	0.001232658	0.000239918	0.004227048	0.001297006	0.002842007	0.001147853
Alishewanella	0.000666323	0.000238487	4.30E-05	0.000112405	2.62E-05	3.66E-05	0.00064396	0.01106834	0.00013576	5.48E-05	0.001368448	5.43E-05
Thalassospira	3.38E-05	1.13E-05	5.62E-05	7.66E-06	4.59E-05	8.99E-05	7.72E-05	0.010657053	1.21E-05	0.000174001	0.003146329	5.52E-05
Rhodopirellula	0.000716921	0.001315655	0.001127136	0.00062589	0.000763106	0.000833311	0.000719317	0.002687648	0.001273019	0.001278699	0.001187256	0.000995696
Prochlorococcus_MIT9313	0.001775379	0.000710162	0.000595795	0.000500712	0.001366593	0.000397925	0.00246486	0.000619073	0.00093966	0.001999605	0.001007065	0.000936079
Woesearchaeales	0.000750425	0.000768459	0.002793875	0.0014272	0.001469361	0.001395234	0.001303905	0.000254912	0.000565075	0.000627557	0.00042545	0.000822183
Candidatus_Nitrosotenuis	0.001049911	1.39E-05	0.001911338	0.000183935	0.002989741	0.00098066	0.000480001	0.000444133	5.62E-05	0.000938449	0.000997055	0.002538624
Chloroplast	0.00072957	0.002325914	0.001205639	0.002729223	0.000881908	0.000391265	0.001090165	0.000160659	0.000294976	0.001360998	0.000455482	0.000626425
Colwellia	0.00144273	0.000114606	0.001242824	0.000809826	0.001101292	0.000867443	0.000906568	0.000478407	0.001253828	0.001654738	0.000651689	0.001233275
Candidatus_Nitrosopumilus	0.001418115	2.58E-05	0.001634512	0.000533071	0.001459157	0.001260373	0.000592352	0.000485547	0.000150687	0.001283152	0.000919973	0.00148776
Sphingomonas	0.001265637	0.000323945	9.59E-05	0.000179677	7.00E-05	0.000188973	0.002090815	0.001001799	0.001703045	0.000430631	0.003720937	0.000132582
Margulisbacteria	0.001205124	0.000859879	0.001111435	0.000195857	0.001099105	0.001183785	0.000867291	0.000504113	0.001022111	0.001024707	0.000542574	0.000989467
Pseudohongiella	0.001139141	0.000204039	0.000823041	0.001040596	0.001118784	0.00069179	0.001064132	0.000689049	0.00065961	0.000921461	0.00092598	0.001178107
028H05-P-BN-P5	0.000848202	0.000316658	0.001110609	0.000458135	0.000580164	0.000563588	0.000874598	0.00039058	0.001739295	0.001587447	0.000763808	0.000894258
CL500-3	0.000965125	0.000749248	0.000983352	0.000668468	0.000790073	0.000692622	0.00060377	0.000741888	0.000870714	0.001057033	0.00079384	0.000888919
Novispirillum	0.000347349	0.008712076	4.13E-06	2.55E-06	3.64E-06	1.25E-05	5.89E-05	0.000568376	3.34E-05	1.75E-05	8.01E-06	1.78E-06
Marinobacter	0.000668032	0.002227869	0.000566873	0.001439122	0.000572147	0.000890752	0.000332028	0.000293471	0.000214658	0.000588304	0.000638676	0.000966332
OM182_clade	0.000932305	0.000202714	0.000791639	0.001181954	0.000701882	0.000477843	0.001010698	0.000348452	0.000464854	0.000786879	0.000497526	0.000946757
Azospirillum	7.86E-05	0.001008934	2.07E-05	4.26E-06	2.62E-05	2.41E-05	0.000729821	0.000890408	0.000304927	6.80E-05	0.004994284	4.18E-05
Acanthopleuribacter	0.00019829	7.95E-06	0.000151221	1.53E-05	0.000174195	6.99E-05	0.0005412	0.000853992	0.000347575	0.001326693	0.001393474	0.002890989
NS9_marine_group	0.000457434	0.000328583	0.00103128	0.001670744	0.000529145	0.000482838	0.000441181	0.000768307	4.90E-05	0.000802382	0.000719762	0.000573927
AT-s3-44	0.000898458	0.000437227	0.000830478	0.000302301	0.000663982	0.000521132	0.000521105	0.000616217	0.000288579	0.001229055	0.000431456	0.000850657
Marinoscillum	0.000742562	0.000281548	0.000932118	0.000187341	0.00056413	0.000580238	0.000456253	0.000305609	0.001495495	0.000888145	0.000468496	0.000662908
Idiomarina	0.000122051	9.47E-05	6.61E-05	0.000177974	6.49E-05	9.57E-05	0.000199582	0.005768732	8.17E-05	9.81E-05	0.000498527	9.88E-05
Maricaulis	0.000389058	0.002666421	0.000345413	0.001072955	0.00038046	0.000471183	0.000129705	0.000467696	0.000258016	0.000453886	0.000332352	0.000398634
BD1-7_clade	0.000296067	0.002261655	0.000213197	0.001078916	0.000132651	8.91E-05	0.000734388	0.000426996	0.00074135	0.000257125	0.000222235	0.000773244
Urania-1B-19_marine_sediment_group	0.000478973	7.82E-05	0.000606538	0.000352542	0.00055757	0.000444544	0.000378612	0.000677624	0.000813851	0.000852356	0.000646684	0.001042856
vadinHA49	0.000929569	0.000225901	0.001042022	0.000674429	0.000618793	0.000475345	0.000367651	0.000184222	0.000290001	0.000791497	0.000396419	0.0008382
Shewanella	0.000274187	0.001747582	8.18E-05	0.000575649	0.000106412	0.000192303	0.000193188	0.001470923	0.000145711	0.00011611	0.001740842	0.000167284
Mitochondria	0.000544614	0.000980448	0.000738753	0.000458135	0.000548824	0.000579405	0.000389116	0.000466982	0.000314168	0.000564719	0.000602638	0.000500962
Peredibacter	0.001705293	0.000183503	0.00051564	0.000189896	0.000435123	0.000318007	0.000625692	0.000681909	0.000152819	0.000506004	0.000939995	0.000282959
P3OB-42	0.000671451	1.79E-05	0.000500766	0.000128584	0.000525501	0.000235591	0.000286357	0.000515537	0.000529536	0.000993865	0.000993051	0.000880021
SAR11_clade	0.000558289	7.55E-05	0.000741232	0.000709342	0.000981761	0.000521964	0.000510144	0.000307037	0.000188358	0.000691549	0.00022724	0.000659348
[Caedibacter]_taeniospiralis_group	0.000713502	4.70E-05	0.000796597	0.00024695	0.000362238	0.000369621	0.000299601	0.000425568	0.001360446	0.000368782	0.000327346	0.000731423
Subgroup_10	0.000102564	5.96E-06	4.46E-05	3.41E-06	6.49E-05	5.99E-05	0.001098842	0.000339883	0.001182749	0.000565543	0.001059121	0.001364967
KD3-93	0.000460511	8.02E-05	0.00090898	0.000201818	0.000539349	0.000559426	0.000548508	0.000434137	0.000220344	0.000789353	0.000440466	0.000644222
Aureispira	0.0002947	0.001760832	0.000579268	0.000211185	0.000281336	0.000400422	0.000439354	0.000149234	0.00047907	0.000291266	0.000230244	0.000318552
NB1-j	0.000708374	1.06E-05	0.00034376	0.000359355	0.000379731	0.000387103	0.000386833	0.000355592	0.000408702	0.000652296	0.000459486	0.000825743
Vibrio	0.000366836	0.00052666	0.00018097	0.000541587	0.000364425	0.000349641	0.000242056	0.000658345	0.000648237	0.000282854	0.000358379	0.00069672
Bdellovibrio	0.001526491	0.00131963	0.000379293	8.52E-07	0.000245622	8.57E-05	5.16E-05	6.28E-05	0.00014429	0.000133758	0.000650688	0.000111226
Marine_Benthic_Group_A	0.000306324	8.68E-05	0.000879232	0.000286121	0.00060203	0.000630186	0.000199125	0.000102108	3.06E-05	0.000679015	0.00020822	0.000528546
OM27_clade	0.000456409	0.00085723	0.000579268	7.66E-05	0.000495618	0.000421234	0.000260324	0.000194933	0.000190491	0.000234365	0.000316335	0.00037283
AT-s2-59	0.000293332	0.000546534	0.000379293	0.000892426	0.000382646	0.000268058	0.000349383	8.00E-05	4.62E-05	0.000343383	0.000306324	0.000440455
Halomonas	0.000258803	0.000138455	6.03E-05	6.39E-05	9.40E-05	0.00020146	0.000227441	0.002602677	6.75E-05	5.79E-05	0.000258273	0.000194868
BD2-11_terrestrial_group	0.000430768	1.13E-05	0.000511508	0.00048283	0.000513839	0.000359631	0.0006467	0.000132812	3.41E-05	0.000352619	0.000245259	0.000476937
A4b	0.00035658	0.000514735	0.000263604	0.000737444	0.000342559	0.000453701	5.89E-05	0.000239204	1.42E-05	0.000306439	0.000251266	0.000345246
Enhydrobacter	0.000166837	7.62E-05	6.78E-05	0.000264833	0.000110056	7.41E-05	0.000135643	0.000716897	0.000138603	7.26E-05	0.001971085	6.94E-05
Alcanivorax	0.000415383	0.000292809	0.00030988	0.00041726	0.000393579	0.000227267	0.000385919	0.00018208	0.000128652	0.000357567	0.000247262	0.000446684
Candidatus_Endoecteinascidia	0.00024205	5.50E-05	0.000566047	0.000855809	0.000249995	0.000259733	0.00017903	0.000194219	0.000225319	0.000332333	0.000106112	0.000498293
Methylotenera	4.34E-05	0.000278898	8.43E-05	0.000311668	3.43E-05	3.91E-05	0.002141966	4.14E-05	0.00036108	0.000196431	8.31E-05	0.000123683
CCM11a	0.000168888	6.62E-06	0.000176838	9.20E-05	0.000165449	0.000113217	0.000532523	0.000164943	0.000527404	0.000289286	0.000545577	0.000803497
N9D0	0.000491622	0.000420665	0.000495808	0.000104741	0.000470108	0.000343814	0.000143863	7.00E-05	0.000339756	0.000323592	0.000116123	0.000251816
IheB2-23	0.000522391	4.17E-05	0.000435484	9.03E-05	0.000442412	0.000246414	0.000237489	0.000264909	0.000150687	0.000306109	0.000338358	0.000404863
SM2D12	3.18E-05	1.99E-06	1.57E-05	0	2.04E-05	8.32E-06	5.25E-05	1.29E-05	7.11E-06	6.10E-05	0.003211398	3.38E-05
Staphylococcus	2.22E-05	0.001176538	3.31E-05	3.58E-05	4.15E-05	7.24E-05	1.74E-05	3.93E-05	0.001521794	5.79E-05	5.51E-05	0.00027762
Streptococcus	0.000199316	0.001137452	0.000151221	0.000657398	0.000128278	0.000166496	7.86E-05	0.000182794	0.000252329	9.14E-05	0.00014215	8.36E-05
Subgroup_26	0.000466323	4.64E-06	0.000270215	3.24E-05	0.000440954	0.00030552	0.000346186	0.000367731	0.000285736	0.000229087	0.00031233	0.000178852
AncK6	0.000193504	7.95E-06	0.000294179	0.001210906	0.00025947	0.000251409	0.000263521	3.93E-05	9.81E-05	0.000122378	0.000154163	0.000210885
Curvibacter	0.000250256	1.06E-05	0.000146263	0.000214591	0.000130464	0.000232262	7.72E-05	0.000229921	0.000127231	0.00055037	0.000403427	0.000729643
Arctic95B-14	9.06E-05	1.26E-05	0.000213197	0.001334381	0.000233961	0.000172323	0.000386833	0.000218496	9.74E-05	0.000125841	4.70E-05	0.000153047
GW2011_GWC1_47_15	5.37E-05	0.00231929	0.00031897	0	7.00E-05	9.91E-05	0.00011098	7.85E-06	4.12E-05	1.50E-05	1.10E-05	3.74E-05
Pla4_lineage	0.000161709	4.97E-05	0.000400778	0.000263981	0.000173466	0.000231429	7.90E-05	8.07E-05	0.000749169	0.000426178	0.000192203	0.000273171
Caulobacter	0.00014188	3.11E-05	2.07E-05	1.70E-06	6.56E-06	3.33E-06	0.000337508	0.000419142	0.000746326	0.000510787	0.00082187	2.67E-05
Zoogloea	0.000339144	0.001234172	1.90E-05	0.000123475	1.68E-05	1.75E-05	0.000153454	0.00010068	0.000497551	0.000228757	0.000181192	9.97E-05
Nitrospira	6.60E-05	0.002432571	2.64E-05	8.52E-07	2.48E-05	2.66E-05	2.97E-05	1.07E-05	7.11E-06	7.26E-05	6.81E-05	0.000168174
SM23-30	0.00022017	9.27E-06	0.000530514	0.000447065	0.00015816	0.000256403	0.000278136	0.000114246	0.000169167	0.000523981	8.01E-05	0.000102328
Candidatus_Megaira	0.000363076	9.27E-05	0.000366071	1.02E-05	0.000134108	0.000157338	0.000129249	0.000211356	8.32E-05	0.000570986	0.000212225	0.000549012
OCS116_clade	0.000385298	6.82E-05	0.000276	0.000251208	0.000368798	0.000234759	0.000161218	0.000105678	9.52E-05	0.000297038	0.000203215	0.000401304
Hyphomonas	0.000158974	0.000642591	0.000104946	0.000621633	0.000147956	0.000178983	0.000151171	3.93E-05	8.03E-05	0.000194782	5.91E-05	0.00023046
MD3-55	0.000275555	7.29E-06	0.000379293	0.000199263	8.89E-05	0.000213947	9.04E-05	0.000224923	0.000385957	0.000442506	6.71E-05	0.000190419
SCGC_AAA164-E04	0.000294358	0.000138455	0.000173533	3.66E-05	0.000134108	0.000159003	0.000187251	0.000177082	0.000272942	0.000434094	0.000350371	0.000196648
MB11C04_marine_group	0.000297777	8.61E-06	0.000384251	0.000149873	0.000358594	0.000258901	0.000310106	0.000158517	4.34E-05	0.000369937	5.91E-05	0.000153047
Aquabacterium	0.000124786	0.000107319	1.16E-05	1.70E-06	7.80E-05	9.16E-06	0.000212826	0.000210642	0.000588531	7.62E-05	0.001035095	7.12E-06
SCGC_AAA011-D5	0.000257093	2.85E-05	0.000629676	1.70E-06	0.000397223	0.000404585	0.000185881	2.28E-05	9.24E-06	0.000183567	3.50E-05	0.000243808
Coxiella	0.000337777	5.30E-06	0.000258646	4.17E-05	0.000271132	0.000130699	0.000359887	0.000233491	4.26E-05	0.000148437	0.000206218	0.000307874
Candidatus_Maribeggiatoa	0.000113162	0.00019609	0.000114036	1.11E-05	0.000162533	8.49E-05	0.000196842	2.71E-05	0.000944635	9.34E-05	1.30E-05	0.000368381
A714019	0.00017641	9.80E-05	0.000231377	9.37E-06	0.000249267	0.000170658	0.00014706	4.28E-06	0.000196888	0.00064273	0.000164174	0.000199317
Clade_I	0.000206153	3.38E-05	0.000308227	0.000117514	0.000268217	0.000217277	0.000275396	0.000211356	0.00014429	0.000145138	0.000178189	0.00013792
PB19	0.000150427	3.97E-06	0.000389209	0.000316777	0.000131193	0.000154841	0.000404188	0.000202787	1.14E-05	0.000109183	0.000202214	6.41E-05
SGST604	0.000254016	1.99E-06	0.000286742	2.21E-05	0.000295184	0.000149014	7.76E-05	0.000236347	3.27E-05	0.000307264	0.000103109	0.000337238
Halobacteriovorax	4.99E-05	4.64E-06	0.000172706	0.001319905	4.59E-05	3.66E-05	8.31E-05	3.78E-05	0	5.51E-05	4.10E-05	0.00023046
Paludibaculum	0.000104957	0.000293472	1.57E-05	0.000132842	3.64E-05	5.41E-05	8.63E-05	0.000124957	0.000738507	0.000159157	0.000136144	0.00013792
C1-B045	8.07E-05	0.001193099	2.07E-05	0.000268239	4.15E-05	4.00E-05	3.93E-05	7.14E-07	0.000229584	2.97E-06	1.80E-05	4.63E-05
Oleibacter	0.000137435	1.32E-06	1.65E-06	1.70E-06	9.91E-05	0.000140689	3.15E-05	1.00E-05	4.98E-06	5.48E-05	0.001328405	0.000148598
EPR3968-O8a-Bc78	0.000168546	1.32E-06	0.000101641	8.17E-05	0.000113701	0.000162333	0.000161218	2.43E-05	1.21E-05	0.000650152	0.000229243	0.000251816
Vogesella	3.42E-06	1.99E-06	0	8.52E-07	1.46E-06	8.32E-07	0	2.14E-06	1.07E-05	2.64E-06	0.001927039	1.78E-06
RCP2-54	0.000166837	0.000490224	7.02E-05	3.49E-05	6.92E-05	5.74E-05	2.56E-05	0.000571946	3.55E-06	0.000252837	0.000124131	8.36E-05
Aliikangiella	0.000259486	3.97E-05	0.00017188	7.15E-05	0.000187314	0.000126537	0.000133816	0.000117817	0.000156373	0.000289451	0.000150159	0.00018686
Magnetospira	0.000224615	1.06E-05	0.000160311	8.52E-06	0.000149414	9.41E-05	6.67E-05	4.71E-05	0.000609144	0.000152725	0.000229243	0.000113006
C86	3.97E-05	2.65E-06	0.000107425	0.000347433	1.97E-05	8.32E-06	9.36E-05	0.000187079	0.000288579	9.01E-05	0.000229243	0.000366601
Psychromonas	0.000184957	2.65E-06	0.000358634	0.000149873	0.000154516	8.82E-05	3.65E-05	0.000436279	2.06E-05	0.000215068	7.41E-05	5.43E-05
PAUC26f	0.000257093	0.000151042	0.000191712	0.000162646	0.000209909	0.000205622	9.18E-05	4.28E-06	3.63E-05	0.000111327	0.000126133	0.000222452
Fluviicola	4.92E-05	1.32E-06	9.92E-05	4.26E-05	9.84E-05	5.91E-05	3.93E-05	5.00E-06	4.76E-05	1.50E-05	0.001244316	4.72E-05
NS7_marine_group	4.65E-05	5.30E-06	0.000185101	0.000831114	0.000131922	8.57E-05	0.000143863	6.21E-05	1.42E-06	0.000107864	4.60E-05	9.97E-05
Enterococcus	0.000209572	0.000259024	0.000135521	0.000128584	0.000112972	0.000134029	0.000163045	4.43E-05	0.000192623	0.000201709	9.01E-05	4.98E-05
Reinekea	6.56E-05	0.000308709	1.24E-05	5.54E-05	2.70E-05	0.000250576	0.000133816	0.000302039	4.34E-05	6.22E-05	0.000384407	2.94E-05
Limnobacter	0.000142905	7.35E-05	3.39E-05	0.000185638	0.000394308	4.16E-06	8.08E-05	0.000484119	2.99E-05	1.32E-06	0.000190201	3.56E-05
Methyloversatilis	0.000106666	6.62E-06	2.15E-05	1.53E-05	8.02E-06	1.08E-05	0.000229725	0.00011139	0.000100932	0.000134418	0.000854904	3.11E-05
NRL2	5.30E-05	3.97E-06	2.40E-05	0.001182805	4.66E-05	6.24E-05	7.76E-06	2.14E-06	1.42E-06	0.000196596	1.70E-05	3.56E-06
Sulfurimonas	0.000187008	1.99E-06	0.000222287	6.81E-06	0.000174195	0.000118212	2.74E-05	2.28E-05	0.000266545	0.000273948	0.000185196	0.000102328
Mycoplasma	0.000157606	1.32E-06	0.000317317	1.28E-05	0.000151601	0.00019147	6.99E-05	0.000165657	5.69E-06	0.000200389	0.000138146	0.000173513
Rubritalea	9.30E-05	3.97E-06	9.67E-05	7.66E-06	0.000154516	0.000174821	1.51E-05	6.21E-05	9.24E-06	0.000119904	0.000212225	0.000626425
Candidatus_Entotheonella	2.39E-06	1.72E-05	2.81E-05	2.90E-05	1.46E-05	1.58E-05	0.000152998	6.43E-05	0.000118701	0.00031518	0.000383406	0.000410202
Moritella	0.000166153	5.30E-06	0.00025782	2.38E-05	0.000170551	0.000131532	0.00010961	9.78E-05	9.74E-05	0.000134088	7.41E-05	0.000193088
bacteriap25	0.000101196	0.000844643	8.43E-05	1.70E-06	0.000109327	3.33E-05	2.79E-05	1.00E-05	2.70E-05	3.15E-05	9.01E-05	7.39E-05
Limibaculum	0.000114871	9.27E-06	9.92E-05	0.00029634	0.000126091	0.000166496	7.31E-06	2.57E-05	0.000395908	2.24E-05	7.41E-05	5.61E-05
Thalassotalea	0.000162393	5.17E-05	7.85E-05	0.000540735	0.000115158	6.08E-05	7.49E-05	2.86E-05	1.56E-05	0.000116605	7.11E-05	6.41E-05
Uruburuella	6.29E-05	0.000543221	9.17E-05	0.000267387	6.41E-05	8.08E-05	5.57E-05	3.43E-05	9.95E-05	1.29E-05	5.11E-05	1.25E-05
env.OPS_17	2.46E-05	1.72E-05	0.000180143	0.000236731	4.30E-05	8.32E-06	0.0001804	0.000252056	5.47E-05	7.12E-05	0.000196208	0.000107667
Ralstonia	7.11E-05	0.000334545	3.22E-05	3.07E-05	4.74E-05	4.08E-05	1.23E-05	0.000103536	8.17E-05	8.58E-05	0.000154163	0.000374609
Granulosicoccus	0.000194187	7.95E-06	0.000133042	4.17E-05	0.00023469	0.000253906	0.000132902	2.64E-05	6.25E-05	5.44E-05	8.21E-05	0.000142369
Delftia	6.84E-05	0.0002365	4.13E-06	8.52E-07	0.000239063	1.25E-05	0.00010276	2.28E-05	0.000201863	0.000125182	0.000241255	6.76E-05
Pelagicoccus	0.000165811	7.42E-05	0.000288395	0.000149022	4.23E-05	0.000138191	8.68E-05	2.57E-05	8.03E-05	0.000106544	8.21E-05	7.47E-05
Marinicaulis	0.000112136	0.000296784	1.00E-04	0.000166053	0.000104226	0.000114882	4.20E-05	3.36E-05	5.12E-05	2.57E-05	9.71E-05	0.000120124
Candidatus_Fritschea	0.000125812	1.99E-06	6.11E-05	0.00019756	0.000119531	0.000115715	5.02E-05	0.000159945	4.76E-05	0.000170207	7.41E-05	0.000108557
Woeseia	6.05E-05	1.26E-05	4.71E-05	0.000462393	4.37E-05	5.74E-05	4.38E-05	9.28E-06	0.000276496	0.000122378	3.70E-05	5.69E-05
Vicingus	9.40E-05	5.96E-06	0.000160311	0.000188193	0.000135566	0.000162333	6.76E-05	2.50E-05	7.11E-06	0.000149921	0.000119126	0.000110336
Cerasicoccus	0.000145982	1.99E-06	0.000175185	1.28E-05	0.000132651	7.24E-05	9.73E-05	7.85E-05	0.000112304	8.71E-05	0.000106112	0.000174403
Rickettsiales	0.000133675	2.19E-05	9.50E-05	2.04E-05	0.000148685	6.99E-05	0.000121485	2.93E-05	0.000159216	0.000145798	0.000187198	6.05E-05
Escherichia-Shigella	8.48E-05	1.13E-05	4.05E-05	0.000265684	4.59E-05	5.74E-05	6.80E-05	4.21E-05	6.82E-05	0.000109513	0.000122129	0.000276731
Stenotrophomonas	0.000116239	4.17E-05	9.09E-06	4.26E-06	1.46E-05	2.75E-05	0.000135643	3.14E-05	0.000212525	6.35E-05	0.0003784	0.000145039
SG8-4	8.44E-05	5.30E-06	5.70E-05	0.000459838	0.000115158	8.99E-05	6.26E-05	3.43E-05	5.69E-06	4.93E-05	7.51E-05	0.00014059
Aestuariibacter	1.64E-05	1.32E-06	9.17E-05	3.41E-06	3.28E-05	5.99E-05	3.56E-05	0.000780446	0	2.16E-05	6.61E-05	2.49E-05
DEV007	0.000116581	1.99E-06	0.000213197	2.30E-05	0.000125362	6.49E-05	2.01E-05	0.000197789	1.42E-06	5.49E-05	0.000144153	0.000165504
SAR116_clade	0.000100171	2.65E-06	4.88E-05	1.53E-05	0.000173466	8.08E-05	0.000121028	0.000233491	4.12E-05	5.56E-05	0.000127135	0.000127243
Novosphingobium	0.000144957	3.31E-05	4.96E-06	1.79E-05	2.19E-06	3.41E-05	0.000149344	5.00E-05	0.000142868	2.05E-05	0.000506536	8.01E-06
Francisella	3.42E-05	1.32E-06	4.21E-05	0.000352542	1.38E-05	4.16E-05	0.000124225	0.000112104	1.71E-05	0.000173176	4.30E-05	0.00014059
koll11	5.33E-05	1.32E-06	0.00014709	6.64E-05	8.02E-05	7.74E-05	6.17E-05	6.64E-05	0.000113726	0.000131614	9.71E-05	0.000170843
Blastopirellula	3.28E-05	0.000183503	3.55E-05	0.000337214	3.28E-05	1.58E-05	3.65E-06	0.000339883	4.26E-06	1.60E-05	9.01E-06	4.54E-05
Emticicia	2.19E-05	1.32E-06	3.31E-06	0	8.75E-06	4.99E-06	0.000115091	0.000554095	0.000186226	7.09E-06	0.000129137	1.78E-05
Caenispirillum	2.05E-06	6.62E-07	2.48E-06	0	4.37E-06	0	1.83E-06	0.001016794	1.42E-06	2.64E-06	2.00E-06	0
Candidatus_Scalindua	9.81E-05	6.62E-07	0.000143784	5.28E-05	0.000112243	0.000126537	8.22E-05	1.86E-05	1.42E-06	0.000272134	1.20E-05	7.56E-05
Group_1.1c	5.88E-05	6.62E-07	7.85E-05	6.47E-05	0.000145041	0.00018481	0.000184511	0.000113532	4.98E-06	1.02E-05	1.70E-05	0.000126353
SCGC_AAA286-E23	8.51E-05	9.67E-05	0.000256167	1.70E-06	0.00016472	0.000124872	1.78E-05	0	1.42E-06	7.44E-05	7.01E-06	0.000154827
Candidatus_Omnitrophus	0.000128547	1.32E-06	0.000109904	0	5.83E-05	7.99E-05	2.69E-05	0.000154233	3.34E-05	0.00013986	0.000129137	0.000117455
Candidatus_Nitrosopelagicus	6.32E-05	5.96E-06	9.17E-05	0.000381495	9.26E-05	5.83E-05	3.01E-05	2.86E-05	3.84E-05	4.93E-05	3.00E-05	8.81E-05
Clade_IV	7.93E-05	1.32E-06	6.61E-05	3.41E-06	8.96E-05	3.33E-05	0.000121485	0.000297041	0.000112304	4.98E-05	5.01E-05	5.34E-05
Oleispira	8.34E-05	8.35E-05	7.44E-05	4.26E-06	8.09E-05	6.91E-05	0.000100476	0.000154233	2.49E-05	0.00011644	8.61E-05	3.03E-05
Henriciella	0.000115555	9.54E-05	7.02E-05	7.75E-05	9.33E-05	0.000169826	1.92E-05	5.71E-06	2.35E-05	6.09E-05	6.51E-05	0.000109446
Ekhidna	7.21E-05	0.000214639	4.63E-05	0.00013199	7.14E-05	4.00E-05	0.000133359	0	3.55E-06	8.56E-05	2.60E-05	7.83E-05
Mycobacterium	9.74E-05	6.62E-07	5.62E-05	8.52E-07	8.82E-05	0.000140689	5.43E-05	5.50E-05	9.88E-05	2.72E-05	0.000152161	0.000122794
Propionigenium	0.00013641	2.65E-06	0.000115688	7.66E-06	9.33E-05	0.000138191	9.64E-05	5.00E-06	4.41E-05	9.57E-05	2.20E-05	0.000119234
Hyphococcus	6.91E-05	3.11E-05	0.000151221	3.75E-05	0.000102039	0.000163998	1.74E-05	5.00E-06	1.63E-05	8.00E-05	3.90E-05	0.000155717
Photobacterium	9.74E-05	6.62E-07	8.18E-05	2.64E-05	0.000185857	0.00010406	3.01E-05	8.71E-05	3.41E-05	4.78E-05	3.00E-05	0.00014059
P.palmC41	0.000144273	1.99E-06	0.000143784	0	9.18E-05	7.49E-05	2.10E-05	7.14E-07	7.11E-07	4.22E-05	3.20E-05	0.000306094
BIrii41	5.37E-05	0.000308709	2.07E-05	0	5.10E-05	4.16E-05	7.90E-05	2.36E-05	7.11E-07	5.76E-05	4.20E-05	0.000132582
Marinomonas	0.000104615	7.29E-06	1.98E-05	1.02E-05	4.96E-05	6.58E-05	8.63E-05	9.28E-06	2.27E-05	8.87E-05	0.000295312	4.54E-05
OM43_clade	9.06E-05	0	3.80E-05	8.35E-05	0.000124633	4.08E-05	7.63E-05	3.71E-05	6.40E-06	8.56E-05	7.11E-05	0.00013881
Psychrobium	4.48E-05	2.32E-05	2.48E-05	0.000308262	4.23E-05	3.25E-05	1.60E-05	1.57E-05	1.42E-06	6.43E-06	0.000210222	6.67E-05
Parvibaculum	0.000143931	1.79E-05	6.61E-05	1.45E-05	0.000127549	0.000106557	4.70E-05	8.28E-05	4.26E-06	3.83E-05	5.41E-05	8.45E-05
JGI_0000069-P22	5.23E-05	5.30E-06	0.000144611	0.000133694	6.78E-05	6.41E-05	2.01E-05	7.93E-05	0	0.000122872	3.70E-05	5.96E-05
Algoriphagus	0.000206837	0.000290822	0	0	1.02E-05	9.16E-06	6.85E-06	2.86E-06	5.54E-05	2.47E-05	0.000122129	3.56E-06
S-70	5.54E-05	3.31E-06	0.000206586	2.21E-05	7.07E-05	4.50E-05	7.76E-06	1.79E-05	4.26E-06	1.39E-05	0.000128136	0.000157496
0319-6G20	9.88E-05	1.32E-06	6.03E-05	1.70E-06	8.89E-05	5.49E-05	0.000127422	8.57E-06	3.77E-05	0.000113636	9.31E-05	3.03E-05
Legionella	4.27E-05	0	1.57E-05	0.00032955	2.19E-05	1.66E-06	5.16E-05	1.86E-05	8.53E-06	6.45E-05	0.000157166	8.90E-07
Unknown_Family	0.000106324	1.32E-06	0.000143784	2.72E-05	3.86E-05	0.000124872	1.46E-05	4.14E-05	1.99E-05	2.79E-05	0.000100106	6.41E-05
Acidovorax	9.06E-05	3.18E-05	2.48E-06	3.41E-06	1.17E-05	2.50E-06	6.49E-05	6.57E-05	0.000113015	6.40E-05	0.000252267	3.56E-06
Reichenbachiella	7.18E-05	1.32E-06	0.000133868	8.52E-07	0.000104954	0.000109887	1.37E-06	1.21E-05	2.13E-06	0.000123202	5.51E-05	6.50E-05
Pla1_lineage	2.22E-05	0	7.77E-05	8.52E-07	2.19E-05	2.58E-05	2.69E-05	9.00E-05	5.76E-05	1.96E-05	0.000238252	9.88E-05
Hydrogenedensaceae	3.86E-05	6.62E-07	2.89E-05	9.37E-06	6.20E-05	4.75E-05	9.96E-05	5.00E-05	5.69E-06	0.000169053	6.61E-05	0.000101438
Azohydromonas	2.43E-05	0.000241137	1.65E-06	1.11E-05	7.29E-07	8.32E-06	4.48E-05	1.79E-05	0.000198309	4.12E-05	7.51E-05	1.42E-05
Ga0077536	7.79E-05	3.97E-05	6.03E-05	3.49E-05	9.84E-05	8.82E-05	3.43E-05	4.86E-05	1.63E-05	2.51E-05	1.50E-05	0.000124573
Crocinitomix	6.05E-05	2.19E-05	8.92E-05	0	6.63E-05	0.000118212	4.66E-05	7.14E-07	2.49E-05	5.34E-05	0.000109115	5.87E-05
Pedosphaeraceae	0.000107692	1.32E-06	9.34E-05	5.96E-06	5.17E-05	6.58E-05	4.48E-05	4.64E-05	7.82E-06	6.05E-05	0.000117124	4.09E-05
SH-PL14	3.86E-05	4.04E-05	2.40E-05	3.41E-05	4.52E-05	1.42E-05	0.000113721	3.57E-06	0.000151398	1.25E-05	9.51E-05	6.76E-05
Blastomonas	0.000172649	1.32E-06	1.57E-05	8.52E-07	8.75E-06	2.08E-05	3.01E-05	8.14E-05	0.000103064	1.15E-05	0.000186197	6.23E-06
P9X2b3D02	4.00E-05	6.62E-07	5.37E-05	0.000283567	3.28E-05	2.58E-05	5.07E-05	7.14E-06	3.55E-06	4.75E-05	3.70E-05	3.38E-05
Nocardioides	3.86E-05	7.68E-05	5.12E-05	0.000373831	2.62E-05	5.83E-06	2.28E-06	7.14E-07	0	2.44E-05	0	8.90E-07
Rickettsia	5.64E-05	1.52E-05	5.12E-05	3.41E-06	5.83E-05	1.42E-05	7.72E-05	0.000127099	9.24E-06	5.08E-05	7.01E-05	6.50E-05
Sinobacterium	6.56E-05	6.62E-07	8.26E-06	0.000183084	3.35E-05	2.75E-05	0.000142037	5.57E-05	3.84E-05	9.40E-06	2.30E-05	6.23E-06
Massilia	3.73E-05	9.27E-06	8.26E-07	0	8.02E-06	6.66E-06	2.15E-05	5.00E-06	0.000136471	0.000253827	6.31E-05	3.38E-05
Omnitrophales	5.57E-05	1.13E-05	9.42E-05	6.81E-06	5.98E-05	9.32E-05	2.19E-05	3.57E-06	0	3.55E-05	0.000110117	7.74E-05
Salinivibrio	0.000127521	2.05E-05	8.76E-05	7.66E-06	5.98E-05	7.66E-05	5.66E-05	2.86E-06	5.69E-06	5.72E-05	2.60E-05	3.56E-05
Pirellula	7.28E-05	0.000149717	2.97E-05	8.52E-07	4.08E-05	7.33E-05	2.28E-05	1.86E-05	5.69E-06	0.000123862	1.20E-05	1.07E-05
Saccharospirillaceae	0.000105641	2.45E-05	6.94E-05	6.81E-06	9.33E-05	4.91E-05	2.97E-05	4.07E-05	7.11E-06	2.19E-05	4.30E-05	6.23E-05
Blfdi19	6.53E-05	0	5.95E-05	2.30E-05	3.28E-05	5.49E-05	1.37E-06	0.000106392	5.97E-05	3.32E-05	1.00E-05	0.000101438
SS1-B-02-17	5.20E-05	0	1.82E-05	0	5.61E-05	4.08E-05	7.22E-05	5.78E-05	1.85E-05	6.76E-06	2.00E-05	0.000203766
TK10	1.06E-05	0.00027426	3.31E-05	2.30E-05	2.48E-05	4.99E-05	1.05E-05	1.50E-05	3.84E-05	1.19E-05	2.90E-05	1.96E-05
NS10_marine_group	3.04E-05	6.62E-07	0.000138	0	6.12E-05	9.07E-05	4.29E-05	1.43E-06	4.26E-06	3.41E-05	5.71E-05	6.32E-05
Bosea	5.47E-05	1.32E-06	1.24E-05	0	5.32E-05	2.50E-06	0.000128792	5.43E-05	2.84E-05	3.88E-05	0.000145154	8.90E-07
Flavobacterium	2.32E-05	0	8.26E-07	0	4.37E-06	0	2.19E-05	2.57E-05	1.28E-05	4.12E-06	0.000420445	2.67E-06
WCHB1-41	4.82E-05	6.62E-07	3.88E-05	3.41E-06	5.32E-05	6.33E-05	8.95E-05	7.85E-06	2.84E-06	4.09E-05	0.000114121	4.27E-05
Lewinella	7.97E-05	6.62E-07	5.29E-05	3.41E-06	7.00E-05	9.49E-05	4.57E-06	2.14E-06	1.42E-06	1.80E-05	4.91E-05	0.000127243
Cloacibacterium	4.41E-05	2.65E-06	1.40E-05	1.70E-06	2.92E-06	8.32E-07	8.68E-06	7.85E-06	4.12E-05	2.97E-06	0.00035938	8.01E-06
Malaciobacter	4.07E-05	5.30E-06	1.90E-05	0.000229067	1.31E-05	2.41E-05	5.02E-06	0	9.95E-06	6.56E-05	5.01E-06	7.56E-05
Corynebacterium	5.13E-05	5.96E-06	2.48E-05	8.52E-07	4.45E-05	6.49E-05	1.78E-05	3.71E-05	6.40E-06	9.90E-06	0.000136144	8.81E-05
Absconditabacteriales_(SR1)	3.97E-05	0	0.000123126	2.55E-06	8.60E-05	3.91E-05	7.81E-05	0	2.84E-06	9.17E-05	8.01E-06	1.33E-05
Babeliaceae	7.18E-05	1.32E-06	8.51E-05	8.94E-05	4.01E-05	1.50E-05	2.33E-05	5.50E-05	2.84E-06	7.39E-05	1.00E-06	2.49E-05
HgCo23	6.12E-05	7.29E-06	8.92E-05	5.11E-06	2.04E-05	1.17E-05	4.06E-05	1.29E-05	6.40E-05	4.83E-05	4.20E-05	7.03E-05
Subgroup_22	3.35E-05	6.62E-07	1.16E-05	0	1.09E-05	4.99E-06	3.88E-05	3.78E-05	7.25E-05	4.78E-06	0.000101107	0.000152157
Desulfovibrio	1.26E-05	2.65E-06	4.63E-05	0.000292934	2.19E-05	1.42E-05	2.47E-05	0	0	2.14E-06	1.00E-06	3.20E-05
Simkania	3.62E-05	0	3.22E-05	1.36E-05	2.55E-05	4.83E-05	2.28E-06	0.00017494	4.98E-06	8.74E-06	2.50E-05	7.56E-05
Cutibacterium	1.37E-05	6.62E-07	2.07E-05	4.26E-06	4.23E-05	3.25E-05	5.43E-05	4.28E-06	2.13E-05	0.000182907	3.50E-05	3.03E-05
Babeliales	4.68E-05	0	3.47E-05	3.41E-06	3.64E-05	1.33E-05	3.29E-05	7.14E-07	0.000165613	7.44E-05	2.70E-05	6.23E-06
Bradyrhizobium	2.32E-05	6.62E-06	1.74E-05	4.26E-06	1.60E-05	4.16E-06	3.65E-05	5.14E-05	4.98E-06	0.000118254	0.000102108	4.98E-05
Lentimicrobiaceae	4.07E-05	1.99E-06	0.000155353	0	4.15E-05	4.66E-05	9.59E-06	4.21E-05	4.98E-06	2.54E-05	2.00E-05	4.54E-05
Phenylobacterium	3.11E-05	1.99E-06	4.96E-06	0.000110702	7.29E-07	1.66E-06	3.29E-05	0.000158517	1.99E-05	4.62E-06	6.21E-05	3.56E-06
TG3	2.77E-05	5.76E-05	1.65E-06	8.09E-05	2.04E-05	3.16E-05	9.18E-05	1.64E-05	9.81E-05	2.14E-06	0	0
Sphingobacterium	0	0	0	0	0	0	4.57E-06	0	2.13E-06	6.60E-07	0.000416441	4.45E-06
Kordiimonas	2.50E-05	0	4.63E-05	0	4.66E-05	2.58E-05	3.11E-05	1.64E-05	1.42E-06	2.08E-05	9.31E-05	0.000110336
Paracoccus	4.41E-05	5.96E-06	1.90E-05	4.09E-05	6.56E-06	4.75E-05	2.15E-05	4.28E-06	7.11E-07	6.27E-06	0.000196208	2.05E-05
Azospira	1.88E-05	0	8.26E-07	0	1.60E-05	0.000198962	1.05E-05	0	0	1.65E-07	0.000160169	2.67E-06
Marinicella	1.03E-06	6.62E-07	0	0	7.29E-07	1.50E-05	9.27E-05	0	0.000244511	0	4.50E-05	3.56E-06
Subgroup_21	8.31E-05	1.32E-06	6.78E-05	0	7.73E-05	6.41E-05	1.42E-05	1.43E-06	7.11E-07	1.43E-05	9.01E-06	6.32E-05
Endozoicomonas	4.34E-05	1.39E-05	2.07E-05	3.41E-06	1.38E-05	0.000111552	4.75E-05	1.00E-05	1.42E-06	6.81E-05	2.60E-05	4.45E-06
Sulfurospirillum	5.71E-05	1.32E-06	0.000157006	0	2.04E-05	7.49E-06	0	0	3.55E-06	4.95E-07	1.00E-06	0.000111226
Methylophilus	1.03E-05	1.32E-06	2.31E-05	5.96E-06	7.29E-07	0	0.000223788	6.21E-05	4.26E-06	2.34E-05	2.00E-06	0
Spirochaeta	7.32E-05	1.32E-06	2.81E-05	8.52E-07	5.54E-05	3.00E-05	3.20E-05	2.86E-05	7.11E-07	3.79E-06	1.50E-05	7.03E-05
Leptonema	0.000102222	1.13E-05	6.45E-05	0	5.47E-05	4.91E-05	5.94E-06	0	0	2.94E-05	1.90E-05	8.90E-07
F9P41300-M23	2.60E-05	6.62E-07	2.48E-06	2.72E-05	8.75E-06	9.16E-06	3.65E-06	2.86E-06	4.26E-06	0.000172846	2.30E-05	4.72E-05
Reyranella	1.81E-05	1.99E-06	1.65E-06	6.81E-06	7.29E-06	1.66E-05	3.61E-05	4.00E-05	5.69E-06	4.65E-05	0.000126133	1.96E-05
Spongiibacter	2.77E-05	0	8.26E-07	8.52E-07	5.10E-05	4.50E-05	1.83E-06	4.28E-06	0	2.06E-05	8.91E-05	8.19E-05
Actinomyces	1.50E-05	4.64E-05	3.22E-05	1.53E-05	1.38E-05	1.66E-05	6.85E-06	1.43E-06	3.06E-05	4.40E-05	1.50E-05	8.36E-05
Kapabacteriales	3.32E-05	8.21E-05	1.32E-05	0	3.79E-05	2.75E-05	3.65E-06	0	6.54E-05	4.52E-05	1.00E-06	1.07E-05
Coraliomargarita	1.47E-05	0	1.16E-05	0	1.24E-05	4.16E-06	0	1.43E-05	7.11E-07	2.44E-05	8.71E-05	0.000148598
AB1	2.32E-05	9.94E-06	3.14E-05	4.60E-05	1.38E-05	2.33E-05	9.96E-05	1.43E-06	0	2.37E-05	1.10E-05	3.38E-05
Brachybacterium	6.50E-06	6.62E-07	6.61E-06	8.52E-07	1.02E-05	3.00E-05	1.83E-06	7.14E-07	0	7.92E-06	0.000233247	9.79E-06
OM60(NOR5)_clade	7.38E-05	7.95E-06	2.81E-05	8.52E-07	1.90E-05	4.99E-06	7.76E-06	7.14E-07	2.13E-05	6.27E-06	4.40E-05	9.34E-05
Dechloromonas	2.22E-05	1.32E-06	4.96E-06	1.70E-06	6.56E-06	3.08E-05	1.87E-05	6.07E-05	9.10E-05	4.62E-06	6.51E-05	0
Brevinema	2.87E-05	0	7.19E-05	8.52E-07	3.43E-05	3.33E-05	2.24E-05	3.43E-05	1.63E-05	2.05E-05	2.90E-05	1.60E-05
Acuticoccus	8.17E-05	0	1.32E-05	3.32E-05	3.50E-05	3.00E-05	4.57E-07	1.21E-05	9.24E-06	3.68E-05	9.01E-06	4.63E-05
Gallionella	3.08E-05	2.65E-06	4.96E-06	8.52E-07	1.24E-05	0	3.93E-05	0	7.11E-06	0.00019874	5.01E-06	3.56E-06
Entotheonellaceae	3.62E-05	1.32E-06	1.49E-05	8.52E-07	3.21E-05	4.75E-05	1.69E-05	1.14E-05	1.21E-05	4.93E-05	6.11E-05	1.87E-05
Candidatus_Hepatoplasma	1.54E-05	6.62E-07	4.88E-05	3.41E-06	5.25E-05	3.41E-05	5.43E-05	2.36E-05	0	1.39E-05	2.60E-05	2.76E-05
Hydrotalea	2.12E-05	1.32E-06	0	8.52E-07	7.29E-07	3.33E-06	2.19E-05	5.43E-05	6.54E-05	1.52E-05	0	0.000113006
Salinisphaera	1.71E-06	1.59E-05	5.95E-05	8.43E-05	5.83E-06	1.91E-05	9.59E-06	1.43E-05	0	1.80E-05	2.90E-05	3.20E-05
Treponema	1.78E-05	0	2.48E-05	0	3.86E-05	1.58E-05	1.96E-05	2.86E-06	1.56E-05	8.08E-06	0	0.000144149
Erythrobacter	2.05E-05	1.52E-05	9.92E-06	6.73E-05	1.09E-05	2.50E-05	1.92E-05	1.00E-05	0	2.31E-06	1.60E-05	8.81E-05
Rs-E47_termite_group	1.09E-05	1.32E-06	7.44E-06	0.00014817	2.19E-05	1.25E-05	6.76E-05	0	0	3.30E-07	6.01E-06	8.01E-06
NS2b_marine_group	2.19E-05	5.37E-05	6.94E-05	0	1.53E-05	1.25E-05	3.01E-05	1.43E-06	4.55E-05	1.35E-05	1.80E-05	2.67E-06
67-14	2.74E-06	0	0	0	2.19E-06	6.66E-06	1.05E-05	0	7.11E-07	2.13E-05	6.41E-05	0.000170843
Sphingopyxis	2.05E-05	0	1.65E-06	0	2.92E-06	1.42E-05	3.52E-05	7.50E-05	6.40E-06	3.68E-05	3.20E-05	4.63E-05
ANME-2c	0	1.99E-06	0	0.000244395	0	8.32E-07	2.28E-06	0	0	0	0	1.96E-05
Candidatus_Berkiella	7.45E-05	1.99E-06	7.44E-06	4.26E-06	1.24E-05	1.17E-05	3.20E-06	2.86E-05	7.82E-06	7.92E-05	1.30E-05	2.31E-05
Fabibacter	4.10E-05	0	2.64E-05	2.55E-06	3.13E-05	3.00E-05	1.87E-05	2.14E-06	7.11E-07	1.39E-05	2.50E-05	7.03E-05
Methylocaldum	0	0	8.26E-06	0	0	4.99E-06	9.13E-07	0	0.000237403	6.27E-06	0	8.90E-07
Microbacterium	3.42E-06	3.84E-05	4.79E-05	1.87E-05	2.19E-06	7.49E-06	1.83E-06	5.00E-06	4.98E-06	9.90E-07	8.81E-05	2.94E-05
Aeromonas	7.25E-05	5.30E-06	0	0	2.19E-06	8.32E-07	1.83E-06	0.000108534	0	1.65E-07	5.31E-05	3.56E-06
Tagaea	2.77E-05	3.18E-05	3.64E-05	0	1.17E-05	3.58E-05	3.01E-05	2.86E-06	2.13E-06	1.48E-06	2.40E-05	4.18E-05
A0839	0	0	8.26E-07	0	5.10E-06	0	9.13E-07	0.000238489	0	0	0	0
Clostridium_sensu_stricto_13	0.000133675	5.76E-05	2.48E-06	0	1.60E-05	0	0	3.21E-05	0	0	1.00E-06	1.78E-06
AqS1	1.37E-06	5.96E-06	8.26E-07	8.52E-07	2.92E-06	1.66E-06	4.57E-07	0	4.26E-06	3.28E-05	0.000183194	7.12E-06
Luteitalea	1.37E-06	0	0	1.70E-06	0	2.50E-06	4.11E-06	0	0	0.000206162	2.00E-06	1.96E-05
HTCC5015	4.55E-05	6.62E-07	1.90E-05	2.72E-05	1.46E-05	1.42E-05	1.37E-06	3.71E-05	2.84E-06	2.72E-05	2.70E-05	2.05E-05
Euzebya	3.69E-05	8.48E-05	1.24E-05	1.87E-05	1.82E-05	2.50E-05	4.11E-06	2.14E-06	7.11E-07	7.59E-06	3.00E-06	2.31E-05
Sandaracinus	5.03E-05	1.46E-05	1.98E-05	4.60E-05	1.09E-05	2.33E-05	6.85E-06	0	1.42E-06	3.86E-05	2.00E-06	2.14E-05
Phaeocystidibacter	4.79E-06	7.29E-05	1.57E-05	0	1.38E-05	9.99E-06	2.28E-05	2.57E-05	0	1.81E-06	1.10E-05	5.43E-05
Sneathiella	2.46E-05	0	1.32E-05	6.05E-05	3.79E-05	4.25E-05	6.85E-06	1.43E-06	2.84E-06	5.44E-06	2.60E-05	9.79E-06
AR15	3.42E-07	6.62E-07	0	0	7.29E-06	6.66E-06	9.13E-07	0.000107106	0.000100932	0	0	5.34E-06
Cellvibrionaceae	2.19E-05	0	1.65E-05	5.96E-06	1.60E-05	1.58E-05	5.94E-06	0.000112818	6.40E-06	4.29E-06	1.50E-05	7.12E-06
Rudanella	2.05E-06	1.99E-06	7.44E-06	0	7.29E-07	3.33E-06	7.76E-06	2.71E-05	0.000122255	2.47E-06	5.21E-05	0
Clostridium_sensu_stricto_1	4.68E-05	0	7.93E-05	4.26E-06	3.21E-05	2.66E-05	5.02E-06	1.43E-05	0	1.65E-07	4.00E-06	1.42E-05
Fangia	1.44E-05	1.32E-06	7.27E-05	0	5.10E-06	6.66E-06	3.11E-05	1.29E-05	7.11E-07	1.81E-06	1.30E-05	6.41E-05
Sediminispirochaeta	1.40E-05	0	7.11E-05	0	2.99E-05	6.66E-06	4.34E-05	0	0	4.83E-05	0	0
Verruc-01	4.51E-05	0	3.47E-05	0	2.04E-05	1.66E-06	1.55E-05	0	1.42E-06	5.82E-05	2.00E-05	1.51E-05
HglApr721	2.43E-05	0	7.44E-06	8.52E-07	4.37E-06	0	4.57E-07	0	0.000157084	1.27E-05	1.00E-06	3.56E-06
Halioglobus	2.60E-05	4.64E-06	3.39E-05	7.66E-06	2.92E-05	1.50E-05	1.32E-05	1.43E-06	2.13E-06	2.92E-05	1.40E-05	2.58E-05
Bacteriovorax	8.07E-05	6.62E-07	7.44E-06	1.53E-05	2.19E-05	2.41E-05	4.57E-07	4.43E-05	0	3.30E-07	3.00E-06	8.90E-07
Kocuria	5.13E-06	0	2.31E-05	1.70E-06	4.74E-05	3.75E-05	0	0	0	1.15E-06	7.01E-06	7.03E-05
Deinococcus	1.71E-06	6.62E-06	2.48E-06	2.55E-06	7.29E-07	0	3.20E-06	5.71E-06	5.26E-05	7.75E-06	0.00010411	8.90E-07
Gimesia	3.76E-06	1.99E-06	1.98E-05	0	2.26E-05	2.00E-05	4.57E-07	0.00010782	0	8.08E-06	2.00E-06	0
Lentimonas	5.13E-06	6.62E-07	6.61E-06	0	5.10E-06	9.16E-06	5.48E-06	1.43E-06	6.04E-05	1.30E-05	2.50E-05	5.34E-05
Arsenicibacter	1.44E-05	0	0	0	0	0	9.13E-07	2.07E-05	0	1.65E-07	0.000148157	0
Dongia	1.37E-06	0	0	0	1.46E-06	0	1.96E-05	4.28E-06	2.56E-05	9.07E-06	6.91E-05	5.25E-05
Trichodesmium_IMS101	9.91E-06	0	5.78E-06	0	1.17E-05	2.08E-05	9.45E-05	0	0	2.26E-05	6.01E-06	1.16E-05
Actinokineospora	3.42E-07	1.32E-06	0	8.52E-07	0	1.66E-06	0	0.000154947	0	3.63E-06	0	1.78E-05
Candidatus_Ruthia	6.84E-06	3.31E-05	8.26E-06	2.55E-05	1.17E-05	2.33E-05	2.28E-05	5.00E-06	4.26E-06	2.18E-05	1.30E-05	4.45E-06
Microscilla	2.12E-05	5.30E-06	2.97E-05	0	9.48E-06	4.00E-05	7.31E-06	0	0	3.97E-05	1.80E-05	3.56E-06
Nannocystis	2.74E-06	0	0	0	3.64E-06	4.99E-06	1.60E-05	7.14E-07	3.84E-05	1.32E-06	8.21E-05	2.40E-05
Gilvibacter	7.52E-06	0	1.16E-05	0	0	2.41E-05	4.57E-07	5.00E-06	0	3.96E-06	2.40E-05	9.34E-05
Pir4_lineage	1.33E-05	1.06E-05	3.31E-06	8.52E-07	1.97E-05	3.00E-05	1.37E-06	5.71E-06	1.42E-06	1.35E-05	3.20E-05	3.56E-05
Candidatus_Kaiserbacteria	5.13E-06	0	3.64E-05	0	1.24E-05	3.00E-05	0	1.43E-06	0	4.09E-05	3.00E-06	3.74E-05
Marinifilum	1.26E-05	0	3.31E-06	0	3.21E-05	8.32E-07	4.57E-07	1.43E-06	0	1.14E-05	9.41E-05	9.79E-06
MSBL3	4.14E-05	6.62E-07	2.48E-06	1.79E-05	2.70E-05	4.66E-05	0	7.14E-07	0	2.31E-06	2.50E-05	0
Sediminibacterium	4.31E-05	0	1.49E-05	0	4.37E-06	3.33E-06	3.38E-05	4.21E-05	0	1.15E-06	2.00E-05	0
Burkholderia-Caballeronia-Paraburkholderia	6.84E-07	0.00014243	8.26E-07	8.52E-07	0	0	3.20E-06	7.14E-07	2.13E-06	1.65E-07	1.00E-06	9.79E-06
Cellvibrio	3.35E-05	0	4.13E-06	8.52E-07	7.29E-07	3.58E-05	1.05E-05	6.43E-06	3.48E-05	3.96E-06	2.60E-05	1.78E-06
Allorhizobium-Neorhizobium-Pararhizobium-Rhizobium	6.50E-06	0	8.26E-07	0	7.29E-07	8.32E-07	2.24E-05	3.07E-05	1.42E-06	4.95E-07	9.31E-05	8.90E-07
Brevibacterium	8.21E-06	9.94E-06	0	8.52E-07	1.46E-05	1.25E-05	5.94E-06	3.57E-06	0	1.22E-05	7.71E-05	1.25E-05
Ruegeria	0	0	5.78E-06	0	7.29E-06	3.33E-06	9.13E-07	0.000104964	0	1.40E-05	1.80E-05	1.78E-06
Rhodovarius	2.39E-05	0	4.96E-06	0	2.92E-06	5.83E-06	0	2.71E-05	6.89E-05	1.14E-05	7.01E-06	8.90E-07
Phycisphaera	1.50E-05	1.32E-06	6.61E-06	0	1.68E-05	1.66E-05	1.83E-05	0	4.26E-06	5.44E-06	4.20E-05	2.49E-05
Fontimonas	5.03E-05	3.97E-06	1.49E-05	0	8.75E-06	8.32E-07	8.22E-06	1.14E-05	2.13E-06	2.82E-05	2.00E-06	2.05E-05
Terrimonas	1.37E-06	0	0	0	7.29E-07	4.99E-06	0	0	0	5.31E-05	9.01E-05	0
Spirochaeta_2	1.33E-05	0	4.79E-05	0	1.90E-05	1.83E-05	1.37E-06	6.43E-06	0	1.30E-05	2.90E-05	1.78E-06
R76-B128	1.44E-05	0	3.72E-05	0	1.53E-05	1.58E-05	0	1.00E-05	0	8.25E-06	1.30E-05	3.29E-05
Roseivirga	6.15E-06	0	9.09E-06	8.52E-07	1.02E-05	1.33E-05	4.57E-07	1.36E-05	8.53E-06	3.63E-06	3.50E-05	4.54E-05
Haliangium	6.50E-06	0	4.13E-05	0	1.17E-05	2.50E-05	1.64E-05	7.14E-07	2.84E-06	3.46E-06	1.10E-05	2.67E-05
Prevotella	2.39E-06	0	0	0	4.37E-06	0	2.47E-05	0	0	7.29E-05	0	4.09E-05
Aliiglaciecola	5.23E-05	0	3.22E-05	0	2.04E-05	2.66E-05	8.22E-06	0	0	2.97E-06	2.00E-06	0
Salinirepens	1.71E-05	0	6.69E-05	0	2.48E-05	2.33E-05	3.20E-06	0	0	3.30E-07	4.00E-06	2.67E-06
Pseudobacteriovorax	1.71E-05	0	1.24E-05	0	3.28E-05	1.33E-05	1.00E-05	0	0	0	4.70E-05	8.90E-06
Marivirga	6.50E-06	0	1.32E-05	0	1.90E-05	2.83E-05	2.83E-05	2.93E-05	0	1.22E-05	2.00E-06	2.67E-06
Sumerlaea	8.55E-06	6.62E-07	6.53E-05	0	1.90E-05	0	1.37E-06	3.57E-06	7.11E-07	9.24E-06	1.40E-05	1.78E-05
Enterovibrio	2.60E-05	0	1.74E-05	0	6.56E-06	9.16E-06	0	1.21E-05	7.82E-06	1.48E-06	3.00E-06	5.61E-05
S085	1.71E-06	0	5.78E-06	0	1.46E-05	5.83E-06	0	7.14E-07	0	1.81E-06	6.11E-05	4.72E-05
Dadabacteriales	4.58E-05	0	4.13E-06	0	2.04E-05	6.66E-06	4.57E-06	0	2.13E-06	1.81E-06	1.30E-05	3.65E-05
Umboniibacter	1.71E-05	0	2.48E-06	0	5.83E-06	4.58E-05	0	4.36E-05	7.11E-07	7.42E-06	7.01E-06	4.45E-06
Francisellaceae	1.91E-05	0	2.40E-05	0	3.79E-05	3.16E-05	7.31E-06	2.14E-06	0	7.75E-06	1.00E-06	2.67E-06
CHAB-XI-27	5.13E-06	6.62E-07	2.56E-05	0	1.38E-05	3.58E-05	0	3.78E-05	7.11E-07	1.81E-06	6.01E-06	2.67E-06
Asticcacaulis	2.53E-05	1.32E-06	0	0	2.92E-06	0	5.34E-05	3.00E-05	9.24E-06	1.65E-07	7.01E-06	0
Gordonia	0	0	1.65E-05	0	0	0	4.57E-07	5.00E-05	0	1.76E-05	3.70E-05	6.23E-06
Membranicola	8.89E-06	0	2.07E-05	0	5.10E-06	2.50E-06	0	0	7.11E-07	0	0	8.90E-05
Calorithrix	3.42E-07	0	4.96E-06	0	3.64E-06	9.99E-06	4.57E-07	0	7.11E-06	8.44E-05	1.20E-05	8.90E-07
Eel-36e1D6	3.01E-05	0	3.97E-05	8.52E-07	5.10E-06	1.66E-05	8.68E-06	7.14E-07	7.11E-07	9.24E-06	3.00E-06	5.34E-06
Bradymonadales	7.86E-06	6.62E-07	1.65E-06	0	1.82E-05	8.32E-07	0	8.07E-05	0	0	4.00E-06	3.56E-06
VHS-B3-70	1.91E-05	6.62E-07	4.96E-05	0	1.09E-05	1.66E-06	8.68E-06	0	2.35E-05	0	0	2.67E-06
Dasania	3.49E-05	0	6.61E-06	1.70E-06	2.26E-05	7.49E-06	9.13E-07	7.14E-07	0	1.43E-05	5.01E-06	2.22E-05
Aliivibrio	5.47E-06	1.32E-06	4.88E-05	0	1.02E-05	1.66E-06	4.57E-07	2.64E-05	0	0	2.00E-06	1.96E-05
Tenacibaculum	4.79E-06	6.62E-07	2.81E-05	1.45E-05	1.38E-05	1.66E-06	9.59E-06	0	9.95E-06	5.77E-06	1.20E-05	1.42E-05
Eilatimonas	1.57E-05	0	1.82E-05	0	7.29E-07	0	1.92E-05	7.14E-06	0	0	5.41E-05	0
Rikenella	1.61E-05	0	4.71E-05	0	1.31E-05	5.83E-06	5.48E-06	0	7.11E-07	0	1.60E-05	1.07E-05
UBA12409	7.18E-06	4.84E-05	2.07E-05	0	2.11E-05	3.33E-06	6.85E-06	7.14E-07	0	8.25E-07	4.00E-06	1.78E-06
Candidatus_Nomurabacteria	1.37E-06	6.62E-07	6.69E-05	0	8.02E-06	0	4.57E-07	0	0	2.85E-05	0	8.01E-06
Candidatus_Endobugula	3.08E-06	7.95E-06	5.78E-06	8.52E-06	7.29E-06	2.00E-05	3.20E-06	1.43E-05	7.11E-07	2.90E-05	4.00E-06	8.90E-06
Colidextribacter	4.00E-05	0	0	6.90E-05	0	8.32E-07	0	0	0	0	1.00E-06	0
Phreatobacter	2.46E-05	0	8.26E-06	0	5.10E-06	3.33E-06	0	0	1.42E-06	0	0	6.76E-05
Vicinamibacteraceae	1.54E-05	0	1.24E-05	0	2.84E-05	1.08E-05	9.13E-06	0	0	3.30E-07	2.00E-05	1.07E-05
Thalassobaculum	1.78E-05	0	1.40E-05	0	1.82E-05	1.33E-05	0	0	0	2.66E-05	3.00E-06	1.33E-05
Gracilibacteria	7.52E-06	0	6.94E-05	0	1.09E-05	1.17E-05	2.28E-06	0	0	2.31E-06	0	8.90E-07
Profundimonas	6.84E-07	6.62E-07	1.07E-05	8.52E-07	5.83E-06	4.99E-06	2.10E-05	7.14E-07	1.42E-06	1.65E-07	0	5.78E-05
Portibacter	1.71E-06	0	2.48E-06	0	5.83E-06	6.66E-06	9.59E-06	7.14E-07	0	3.30E-07	0	7.74E-05
Anaerostignum	0	6.62E-07	0	0	7.29E-07	8.32E-07	4.57E-07	7.14E-07	8.10E-05	0	2.00E-05	0
Pseudofulvibacter	1.33E-05	1.99E-06	6.61E-06	0	1.75E-05	1.75E-05	9.13E-07	0	3.55E-06	9.73E-06	1.60E-05	1.69E-05
Alistipes	1.33E-05	0	3.97E-05	0	2.11E-05	0	0	0	0	4.95E-07	0	2.94E-05
AKAU3564_sediment_group	1.03E-06	2.65E-06	1.65E-06	0	2.84E-05	4.99E-06	4.93E-05	0	7.11E-07	3.79E-06	0	1.07E-05
Litoribacillus	5.47E-06	0	1.16E-05	0	7.29E-07	7.49E-06	0	4.57E-05	0	0	1.00E-06	3.11E-05
Brocadiales	1.37E-05	0	3.31E-06	3.41E-06	1.17E-05	2.50E-06	4.57E-06	0	7.11E-07	4.95E-07	0	6.23E-05
Roseimarinus	4.10E-06	0	5.78E-06	8.52E-07	2.77E-05	1.08E-05	7.76E-06	0	0	5.11E-06	0	4.00E-05
Oceanicoccus	2.67E-05	0	1.16E-05	1.45E-05	1.46E-05	2.00E-05	2.74E-06	0	7.11E-07	5.77E-06	3.00E-06	2.67E-06
eub62A3	2.91E-05	6.62E-07	1.16E-05	8.52E-07	8.75E-06	1.42E-05	8.22E-06	0	7.11E-07	2.11E-05	3.00E-06	3.56E-06
Pseudonocardia	1.23E-05	6.62E-07	2.89E-05	0	7.29E-07	5.83E-06	1.60E-05	7.14E-06	0	4.95E-07	1.00E-05	1.87E-05
Cycloclasticus	1.16E-05	1.32E-06	1.32E-05	5.96E-06	1.53E-05	9.99E-06	8.22E-06	0	2.84E-06	2.21E-05	1.00E-06	8.90E-06
Empedobacter	0	0	0	0	7.29E-07	0	0	0	0	0	9.91E-05	0
Desulfotalea	1.16E-05	0	0	0	2.92E-06	8.32E-07	4.57E-06	7.14E-07	0	1.15E-06	7.71E-05	0
Candidatus_Actinomarina	1.71E-05	0	5.78E-06	0	1.09E-05	1.08E-05	0	0	0	8.91E-06	3.10E-05	1.42E-05
Proteobacteria	2.22E-05	0	2.48E-06	0	2.77E-05	7.49E-06	1.37E-06	2.14E-06	0	3.30E-07	0	3.47E-05
BD7-8	1.50E-05	1.32E-06	3.72E-05	4.26E-06	5.83E-06	2.41E-05	0	7.14E-07	7.11E-07	4.12E-06	0	4.45E-06
Ketobacter	0	6.62E-07	8.26E-07	9.37E-05	7.29E-07	0	4.57E-07	0	0	1.15E-06	0	0
Micrococcus	3.76E-06	4.04E-05	3.31E-06	1.70E-06	3.64E-06	0	2.01E-05	0	7.11E-07	1.48E-06	9.01E-06	1.16E-05
Sideroxydans	1.03E-06	6.62E-07	0	0	7.29E-06	1.66E-06	4.57E-07	7.14E-07	0	0	7.11E-05	9.79E-06
Panacagrimonas	4.44E-06	0	0	0	0	0	1.83E-06	0	4.98E-05	0	1.60E-05	2.05E-05
NS11-12_marine_group	9.91E-06	0	1.40E-05	0	4.37E-06	0	9.13E-07	7.14E-06	7.11E-07	4.95E-07	5.21E-05	2.67E-06
Afipia	9.91E-06	2.65E-06	3.31E-06	8.52E-07	5.83E-06	1.33E-05	3.20E-06	2.14E-06	7.11E-07	7.26E-06	1.60E-05	2.67E-05
Candidatus_Campbellbacteria	1.33E-05	0	8.26E-07	8.52E-07	0	5.83E-06	0	6.85E-05	0	0	1.00E-06	8.90E-07
EC3	1.74E-05	0	8.26E-07	0	2.11E-05	0	8.22E-06	0	7.11E-06	3.08E-05	0	4.45E-06
WPS-2	8.55E-06	1.32E-06	2.48E-05	1.02E-05	2.19E-06	8.32E-07	9.13E-07	0	0	1.70E-05	0	2.40E-05
Temperatibacter	2.05E-06	6.62E-07	4.88E-05	0	1.02E-05	1.42E-05	0	0	7.82E-06	1.98E-06	0	0
Candidatus_Raymondbacteria	3.08E-06	6.62E-07	8.26E-07	2.98E-05	2.92E-06	4.99E-06	0	0	2.84E-06	2.72E-05	1.20E-05	0
Hydrothermarchaeales	9.91E-06	0	0	0	8.75E-06	7.49E-06	0	7.14E-07	0	0	0	5.61E-05
Cm1-21	0	0	0	8.52E-07	0	0	4.52E-05	5.71E-06	0	1.15E-06	2.40E-05	5.34E-06
JTB23	2.39E-06	0	1.16E-05	0	9.48E-06	1.08E-05	4.57E-07	0	0	2.56E-05	0	2.14E-05
Sh765B-AG-111	4.79E-06	6.89E-05	0	0	0	8.32E-07	0	1.43E-06	0	0	0	5.34E-06
Magnetospirillum	1.85E-05	4.90E-05	7.44E-06	0	0	0	0	0	0	1.65E-07	5.01E-06	0
Parvularcula	2.43E-05	0	1.07E-05	0	2.11E-05	1.50E-05	0	0	0	0	1.00E-06	7.12E-06
Roseibacillus	8.89E-06	0	4.13E-06	0	1.09E-05	1.66E-06	9.13E-07	0	9.95E-06	4.12E-06	1.10E-05	2.76E-05
Dyadobacter	1.71E-06	0	3.31E-06	0	0	0	0	0	0	4.95E-07	7.21E-05	0
Sericytochromatia	1.20E-05	6.62E-07	1.07E-05	0	7.29E-07	0	4.57E-07	5.71E-06	0	0	1.90E-05	2.58E-05
Aestuariicella	4.03E-05	0	0	0	5.10E-06	1.08E-05	7.31E-06	0	0	4.12E-06	7.01E-06	0
Rubinisphaera	6.84E-07	0	1.74E-05	0	1.46E-05	3.41E-05	9.13E-07	0	0	2.97E-06	3.00E-06	8.90E-07
Rubripirellula	6.84E-07	0	2.23E-05	0	3.64E-06	0	0	2.86E-06	0	3.63E-05	0	6.23E-06
Rothia	0	1.32E-06	0	4.00E-05	1.75E-05	0	0	0	0	1.09E-05	2.00E-06	0
SAR92_clade	7.86E-06	6.62E-07	9.09E-06	8.52E-07	6.56E-06	2.50E-06	1.10E-05	3.57E-06	1.42E-06	4.29E-06	1.40E-05	9.79E-06
Limnochordaceae	0	0	0	0	0	0	9.13E-07	0	6.89E-05	0	0	8.90E-07
Cytophaga	0	0	0	0	0	0	7.03E-05	0	0	1.65E-07	0	0
MSBL7	3.42E-07	0	6.53E-05	0	7.29E-07	2.50E-06	0	0	0	0	1.00E-06	0
Oleiphilus	1.16E-05	9.27E-06	7.44E-06	8.52E-06	5.10E-06	1.42E-05	9.13E-07	3.57E-06	1.42E-06	1.65E-06	4.00E-06	1.78E-06
Brachyspira	6.84E-07	0	0	0	2.11E-05	7.49E-06	0	0	0	0	8.01E-06	3.11E-05
Hyphomicrobium	1.57E-05	0	1.65E-06	0	0	0	4.66E-05	0	0	2.14E-06	2.00E-06	0
P13-46	1.09E-05	0	2.48E-06	8.52E-07	1.46E-06	1.33E-05	1.37E-06	1.43E-06	0	1.12E-05	0	2.49E-05
DTB120	0	0	0	0	7.29E-07	8.32E-07	0	0	0	0	0	6.58E-05
Gemmata	0	0	2.48E-06	0	1.46E-06	1.66E-06	4.57E-07	7.14E-07	0	4.54E-05	0	1.51E-05
mle1-8	1.03E-06	0	0	0	1.46E-06	0	4.57E-07	5.71E-06	0	7.92E-06	7.01E-06	4.27E-05
Fulvivirga	1.37E-05	0	1.65E-06	0	3.64E-06	1.66E-06	0	4.43E-05	0	3.30E-07	1.00E-06	0
cvE6	3.08E-06	0	0	0	5.83E-06	8.32E-07	4.29E-05	7.14E-07	0	4.45E-06	3.00E-06	5.34E-06
Criblamydiaceae	0	6.62E-07	0	0	0	0	0	6.28E-05	0	0	1.00E-06	8.90E-07
Agarivorans	7.18E-06	0	0	0	8.02E-06	8.32E-06	7.31E-06	5.00E-06	3.55E-06	4.95E-07	1.90E-05	6.23E-06
Owenweeksia	1.03E-06	0	1.57E-05	0	1.09E-05	6.66E-06	9.13E-07	0	0	2.92E-05	0	0
OM75_clade	1.13E-05	0	1.07E-05	0	1.24E-05	8.32E-07	2.28E-06	2.86E-06	0	6.60E-07	7.01E-06	1.60E-05
Bacillus	1.33E-05	1.32E-06	4.96E-06	9.37E-06	1.46E-06	1.83E-05	9.13E-07	2.86E-06	6.40E-06	2.14E-06	0	1.78E-06
Psychroflexus	0	6.62E-07	8.26E-07	0	1.46E-06	0	5.85E-05	0	0	1.32E-06	0	0
Psychrilyobacter	1.20E-05	6.62E-07	4.13E-06	0	6.56E-06	1.42E-05	2.42E-05	0	0	8.25E-07	0	0
endosymbionts	1.74E-05	0	3.06E-05	0	3.64E-06	8.32E-07	0	0	0	0	0	9.79E-06
Synechococcus_CC9902	1.61E-05	0	1.49E-05	2.55E-06	7.29E-06	1.66E-06	5.94E-06	7.14E-07	7.11E-07	6.60E-07	9.01E-06	2.67E-06
Lactobacillus	1.47E-05	0	5.78E-06	0	9.48E-06	3.33E-06	9.13E-07	0	0	3.30E-07	7.01E-06	2.05E-05
Candidatus_Altiarchaeum	3.42E-07	0	2.15E-05	0	7.29E-07	3.00E-05	0	0	0	1.65E-07	2.00E-06	6.23E-06
Kordia	3.76E-06	0	7.44E-06	0	1.53E-05	6.66E-06	0	0	0	6.60E-07	1.10E-05	1.60E-05
Marine_Methylotrophic_Group_3	1.30E-05	0	8.26E-07	0	3.28E-05	0	1.83E-06	0	7.11E-07	5.44E-06	5.01E-06	8.90E-07
BD2-3	1.71E-06	1.32E-06	1.49E-05	0	0	4.16E-06	1.37E-06	0	0	0	1.00E-06	3.56E-05
Ascidiimonas	0	0	0	0	0	0	9.13E-07	0	0	5.87E-05	0	0
Cyanobium_PCC-6307	3.42E-07	0	0	0	9.48E-06	0	4.57E-07	0	0	9.57E-06	2.00E-06	3.74E-05
BSV26	1.16E-05	0	1.16E-05	0	7.29E-07	0	0	7.14E-07	0	2.85E-05	6.01E-06	0
Luteimonas	0	6.62E-07	1.65E-06	0	2.19E-06	3.33E-06	1.23E-05	2.86E-06	0	0	3.60E-05	0
Exiguobacterium	1.47E-05	0	0	0	0	0	0	0	0	1.48E-06	4.20E-05	0
Marinospirillum	5.13E-06	0	3.31E-06	3.41E-06	3.64E-06	5.83E-06	1.37E-06	1.43E-06	0	3.63E-06	0	3.03E-05
BD2-7	1.03E-06	0	0	8.52E-07	7.29E-07	9.99E-06	2.60E-05	0	0	1.57E-05	1.00E-06	2.67E-06
Muricauda	1.03E-06	0	8.26E-06	8.52E-07	9.48E-06	3.75E-05	0	0	0	0	0	0
Winogradskyella	1.16E-05	0	8.26E-07	0	1.02E-05	7.49E-06	9.13E-07	5.00E-06	8.53E-06	1.98E-06	5.01E-06	5.34E-06
Candidatus_Paracaedibacter	0	0	6.61E-06	0	0	0	4.57E-07	0	4.98E-05	0	0	0
Candidatus_Rubidus	2.05E-06	0	0	0	0	7.49E-06	0	0	7.82E-06	3.84E-05	0	8.90E-07
Hydrocarboniphaga	1.68E-05	0	0	0	0	0	1.83E-06	7.14E-07	2.13E-06	4.95E-07	3.40E-05	0
Balneola	3.42E-06	0	1.24E-05	0	1.31E-05	3.33E-06	0	0	0	7.59E-06	1.60E-05	0
Ferrimonas	2.05E-06	0	0	0	1.02E-05	8.32E-07	0	0	0	2.13E-05	0	2.14E-05
AKYG587	0	0	0	0	0	0	4.57E-07	1.29E-05	0	2.61E-05	1.60E-05	0
NS5_marine_group	6.50E-06	6.62E-07	8.26E-06	0	0	7.49E-06	4.57E-07	0	0	1.98E-06	5.01E-06	2.49E-05
MWH-UniP1_aquatic_group	3.08E-06	0	0	0	7.29E-07	2.50E-06	3.20E-06	0	1.07E-05	4.62E-06	8.01E-06	2.22E-05
Candidatus_Similichlamydia	2.74E-06	0	0	0	2.26E-05	2.50E-06	4.57E-07	0	7.11E-07	0	1.00E-06	2.49E-05
UBA12411	7.52E-06	0	8.26E-07	0	8.75E-06	0	4.57E-07	0	0	3.63E-05	1.00E-06	0
Candidatus_Peribacteria	1.13E-05	0	0	0	7.29E-07	8.32E-07	0	0	0	0	4.10E-05	8.90E-07
Odoribacter	4.79E-06	6.62E-07	3.47E-05	0	5.10E-06	4.99E-06	0	0	0	4.29E-06	0	0
Magnetovibrio	0	0	0	0	0	2.50E-06	0	0	2.13E-06	0	0	4.89E-05
Devosia	1.03E-06	0	0	0	0	1.66E-06	9.13E-07	4.21E-05	0	1.65E-07	2.00E-06	5.34E-06
Geothermarchaeaceae	3.42E-07	0	7.44E-06	0	1.09E-05	2.08E-05	4.57E-07	0	2.13E-06	5.61E-06	1.00E-06	4.45E-06
JG30-KF-CM66	1.64E-05	0	2.48E-06	2.55E-06	2.70E-05	0	0	0	3.55E-06	0	0	8.90E-07
Roseomonas	1.71E-06	6.62E-07	8.26E-07	8.52E-07	4.37E-06	0	9.13E-07	7.14E-07	2.63E-05	9.90E-07	1.50E-05	0
Candidatus_Amoebophilus	2.02E-05	0	5.78E-06	0	1.17E-05	5.83E-06	1.83E-06	0	7.11E-07	1.48E-06	3.00E-06	1.78E-06
Candidatus_Saccharimonas	0	0	0	5.11E-05	0	8.32E-07	0	0	0	0	0	0
possible_genus_03	1.37E-06	0	8.26E-06	0	2.19E-06	7.49E-06	9.13E-07	0	0	8.58E-06	2.30E-05	0
Mariprofundus	1.03E-06	0	2.48E-06	0	5.10E-06	0	4.57E-07	1.29E-05	0	4.95E-07	0	2.94E-05
Saprospira	1.57E-05	6.62E-07	1.40E-05	0	5.83E-06	9.16E-06	4.57E-07	0	0	3.30E-07	5.01E-06	0
Pajaroellobacter	2.39E-06	0	2.89E-05	1.45E-05	4.37E-06	8.32E-07	0	0	0	0	0	0
Algiphilus	6.84E-06	0	0	0	0	1.66E-06	7.76E-06	0	0	1.65E-07	3.40E-05	0
Thalassobius	1.03E-06	0	0	0	2.19E-06	6.66E-06	3.52E-05	0	0	9.90E-07	2.00E-06	8.90E-07
Lineage_IV	1.37E-06	0	1.07E-05	0	4.37E-06	0	4.11E-06	7.14E-07	0	2.61E-05	0	8.90E-07
MD2904-B13	1.85E-05	0	1.65E-06	0	4.37E-06	4.99E-06	0	7.14E-07	0	0	1.80E-05	0
Psychrosphaera	1.33E-05	2.65E-06	0	0	5.10E-06	2.50E-06	4.57E-07	8.57E-06	0	2.14E-06	1.00E-05	2.67E-06
Cetobacterium	1.33E-05	6.62E-07	1.57E-05	0	5.83E-06	5.83E-06	0	0	0	0	2.00E-06	3.56E-06
Agarilytica	6.84E-07	0	1.65E-06	0	1.60E-05	0	4.57E-07	0	0	0	4.00E-06	2.40E-05
Pelomonas	1.47E-05	0	0	0	7.29E-07	0	6.39E-06	1.43E-06	9.24E-06	4.62E-06	9.01E-06	0
Pseudahrensia	0	0	0	0	0	0	0	0	0	0	0	4.54E-05
MSB-1D1	0	6.62E-07	0	0	2.19E-06	0	4.02E-05	0	2.13E-06	1.65E-07	0	0
Polycyclovorans	1.71E-06	3.05E-05	4.13E-06	0	7.29E-07	4.99E-06	0	0	7.11E-07	0	2.00E-06	0
Parvimonas	0	0	0	0	0	0	0	0	0	3.32E-05	0	1.16E-05
Candidatus_Jidaibacter	0	0	0	0	0	0	4.43E-05	0	0	0	0	0
Marinobacterium	6.84E-07	0	0	0	0	0	0	7.14E-07	0	1.65E-07	4.20E-05	0
Candidatus_Thiopilula	5.13E-06	0	0	0	2.19E-06	0	0	0	0	0	3.00E-06	3.29E-05
Cavicella	2.05E-06	0	0	0	0	1.66E-06	2.42E-05	7.14E-07	0	0	1.30E-05	0
Thiohalophilus	1.37E-05	6.62E-07	1.07E-05	0	7.29E-06	0	0	2.14E-06	0	9.90E-07	6.01E-06	0
Chitinivibrio	5.81E-06	1.46E-05	4.13E-06	0	1.46E-06	1.08E-05	0	0	0	6.60E-07	0	3.56E-06
Maricurvus	6.50E-06	0	8.26E-07	0	1.60E-05	8.32E-07	0	0	0	6.60E-07	1.60E-05	0
Cribrihabitans	2.39E-06	0	0	0	4.37E-06	2.50E-06	4.11E-06	0	0	1.15E-06	1.00E-05	1.60E-05
Bryobacter	4.44E-06	0	1.82E-05	0	5.83E-06	0	0	0	1.42E-06	9.40E-06	1.00E-06	0
Latescibacterota	0	0	0	0	2.84E-05	7.49E-06	0	7.14E-07	0	0	0	3.56E-06
Flavicella	4.79E-06	0	2.48E-06	0	7.29E-06	8.32E-07	0	0	0	6.60E-07	1.50E-05	8.90E-06
YC-ZSS-LKJ63	5.47E-06	0	0	0	7.29E-07	0	0	0	0	1.81E-06	3.10E-05	8.90E-07
Shinella	3.42E-07	6.62E-07	8.26E-07	0	0	0	0	2.86E-06	0	0	3.50E-05	0
Polaribacter	1.03E-05	0	1.65E-06	0	7.29E-07	9.99E-06	0	0	1.42E-06	0	1.20E-05	3.56E-06
Nitrosomonas	0	0	0	0	7.29E-07	1.25E-05	0	0	0	0	2.60E-05	0
Kytococcus	0	0	0	0	0	0	0	1.79E-05	1.78E-05	0	3.00E-06	0
Desulfatiglans	1.71E-06	0	0	0	2.99E-05	0	0	7.14E-07	7.11E-07	0	1.00E-06	4.45E-06
Aminicenantales	1.03E-06	6.62E-07	1.24E-05	0	0	2.50E-06	0	0	1.42E-06	1.65E-07	2.00E-05	0
Latescibacteraceae	3.42E-07	0	0	0	1.46E-06	8.32E-06	2.69E-05	0	0	0	0	8.90E-07
I-8	0	0	8.26E-07	0	0	0	9.13E-07	2.14E-06	7.82E-06	0	0	2.58E-05
UBA4486	7.52E-06	0	1.65E-06	0	0	0	0	0	0	0	0	2.76E-05
Grimontia	1.06E-05	0	3.31E-06	0	9.48E-06	0	0	7.14E-07	1.42E-06	0	1.10E-05	0
SWB02	3.42E-07	0	0	0	0	0	1.37E-06	6.43E-06	0	2.84E-05	0	0
Blastocatella	0	0	0	0	7.29E-07	1.66E-06	0	0	1.35E-05	3.30E-07	0	1.96E-05
Deferrisoma	0	0	0	0	6.56E-06	0	7.31E-06	0	0	2.14E-05	0	0
Cocleimonas	3.42E-07	1.39E-05	5.78E-06	0	0	0	0	0	7.11E-07	0	1.00E-06	1.33E-05
Achromobacter	0	0	0	0	0	0	0	0	0	0	3.50E-05	0
Arcobacter	1.09E-05	0	0	0	2.92E-06	8.32E-07	0	0	0	3.30E-07	1.90E-05	8.90E-07
Cryomorpha	1.44E-05	0	0	0	1.46E-05	8.32E-07	0	0	7.11E-07	4.95E-07	3.00E-06	8.90E-07
Bacteroides	6.84E-07	0	0	0	2.19E-06	4.16E-06	9.13E-07	0	0	1.19E-05	1.50E-05	0
Halococcus	0	0	3.31E-05	0	7.29E-07	0	0	0	7.11E-07	0	0	0
Persicirhabdus	2.39E-06	6.62E-07	8.26E-07	0	4.37E-06	4.16E-06	0	0	0	3.30E-07	1.40E-05	7.12E-06
Amphiplicatus	3.42E-06	0	4.96E-06	1.70E-06	7.29E-06	1.66E-06	0	1.43E-06	0	9.57E-06	1.00E-06	2.67E-06
Clade_III	3.08E-06	0	0	2.55E-06	5.10E-06	0	1.32E-05	7.14E-06	0	1.48E-06	1.00E-06	0
NS4_marine_group	0	0	0	0	0	0	0	0	0	4.95E-07	3.30E-05	0
TK17	2.84E-05	0	0	8.52E-07	0	2.50E-06	0	0	0	0	0	1.78E-06
Ureaplasma	3.42E-07	0	3.31E-06	1.36E-05	7.29E-06	6.66E-06	0	0	0	0	2.00E-06	0
DEV114	1.03E-06	0	0	0	2.92E-06	0	1.83E-06	0	0	3.30E-07	3.00E-06	2.40E-05
Vitreoscilla	0	0	0	0	0	0	0	0	0	0	3.30E-05	0
Qingshengfania	3.42E-07	0	0	0	0	0	0	0	0	0	3.20E-05	0
Ochrobactrum	3.42E-07	0	0	0	0	8.32E-07	0	9.28E-06	0	0	1.30E-05	8.90E-06
Richelia_HH01	0	6.62E-07	5.78E-06	0	1.46E-06	8.32E-07	3.65E-06	0	0	1.65E-07	1.00E-06	1.87E-05
Vicinamibacter	6.84E-07	1.59E-05	3.31E-06	8.52E-07	0	3.33E-06	0	7.14E-07	0	6.10E-06	0	8.90E-07
ANME-1b	0	0	0	0	0	0	0	0	0	1.65E-07	9.01E-06	2.22E-05
MidBa8	0	0	0	0	0	0	0	0	0	0	3.10E-05	0
Subgroup_11	2.39E-06	6.62E-07	8.26E-07	0	7.29E-07	5.83E-06	0	0	0	2.47E-06	2.00E-06	1.60E-05
Phaeodactylibacter	0	0	8.26E-07	0	5.10E-06	0	2.33E-05	0	0	1.65E-07	1.00E-06	0
Ferrovibrio	4.44E-06	6.62E-07	0	0	8.75E-06	0	4.57E-07	7.14E-07	7.11E-07	9.90E-07	0	1.33E-05
Candidatus_Vestibaculum	4.10E-06	0	0	0	1.82E-05	5.83E-06	0	0	0	0	0	8.90E-07
Candidatus_Puniceispirillum	5.13E-06	0	0	0	1.68E-05	0	5.02E-06	0	0	0	0	1.78E-06
Noviherbaspirillum	2.26E-05	0	1.65E-06	0	0	1.66E-06	0	0	0	3.30E-07	1.00E-06	8.90E-07
SR-FBR-L83	0	0	2.81E-05	0	0	0	0	0	0	0	0	0
MND1	0	0	0	0	0	0	0	0	0	2.79E-05	0	0
Methyloprofundus	1.47E-05	1.99E-06	0	0	3.64E-06	0	3.20E-06	0	7.11E-07	1.65E-06	1.00E-06	8.90E-07
Nitrosarchaeum	4.79E-06	0	3.31E-06	0	2.92E-06	8.32E-07	4.57E-07	0	0	5.94E-06	5.01E-06	4.45E-06
Methylophaga	5.47E-06	0	1.16E-05	8.52E-07	1.46E-06	1.66E-06	4.57E-07	0	7.11E-07	4.95E-07	3.00E-06	1.78E-06
Candidatus_Metachlamydia	3.42E-07	0	4.13E-06	0	1.24E-05	2.50E-06	0	0	0	0	0	8.01E-06
Leptospirillum	1.37E-06	0	0	0	1.46E-06	8.32E-07	2.15E-05	2.14E-06	0	0	0	0
Maritalea	0	0	0	0	7.29E-07	0	2.65E-05	0	0	0	0	0
SM23-31	2.39E-06	1.99E-06	0	0	5.83E-06	0	0	0	0	1.67E-05	0	0
Dojkabacteria	0	0	0	0	7.29E-07	0	0	0	0	6.93E-06	1.90E-05	0
Elstera	0	0	0	8.52E-07	0	0	0	4.28E-06	8.53E-06	0	1.10E-05	1.78E-06
Luminiphilus	6.84E-07	0	5.78E-06	0	4.37E-06	0	2.28E-06	1.43E-06	0	0	2.00E-06	9.79E-06
Gilvimarinus	4.79E-06	0	8.26E-07	0	7.29E-07	1.83E-05	0	0	0	1.48E-06	0	0
Meiothermus	0	0	0	0	7.29E-07	0	0	0	2.49E-05	0	0	0
661239	0	2.38E-05	8.26E-07	8.52E-07	0	0	0	0	0	0	0	0
Fuerstia	6.84E-07	0	0	0	2.19E-06	1.33E-05	0	5.00E-06	0	0	1.00E-06	2.67E-06
Saccharimonadales	0	0	6.61E-06	0	7.29E-06	0	4.57E-07	7.14E-07	0	7.59E-06	2.00E-06	0
FCPU426	0	0	0	0	0	0	2.15E-05	0	2.84E-06	1.65E-07	0	0
CCD24	7.52E-06	0	0	0	1.09E-05	1.66E-06	0	0	0	1.32E-06	3.00E-06	0
Romboutsia	1.13E-05	6.62E-07	3.31E-06	0	0	0	0	0	0	8.08E-06	0	8.90E-07
Hydrogenophaga	7.52E-06	0	2.48E-06	0	7.29E-07	1.66E-06	2.28E-06	0	4.98E-06	1.65E-06	2.00E-06	8.90E-07
Paenibacillus	3.42E-07	0	0	1.45E-05	0	0	0	0	0	9.07E-06	0	0
053A03-B-DI-P58	1.26E-05	0	4.13E-06	1.70E-06	2.92E-06	0	0	2.14E-06	0	0	0	0
Aureitalea	6.84E-07	0	0	8.52E-07	7.29E-07	0	4.11E-06	0	7.11E-07	7.42E-06	9.01E-06	0
Aeromicrobium	0	0	1.65E-06	0	1.46E-05	4.16E-06	0	2.86E-06	0	0	0	0
Taonella	0	0	0	0	0	0	0	0	0	0	0	2.31E-05
Roseococcus	3.42E-07	0	0	0	1.46E-05	0	4.11E-06	0	0	3.30E-07	1.00E-06	2.67E-06
Lysinimonas	0	0	0	0	0	0	0	0	0	0	2.30E-05	0
Dokdonia	4.10E-06	0	8.26E-07	0	0	0	0	0	0	0	1.80E-05	0
Subgroup_17	6.84E-07	0	8.26E-07	0	0	0	0	0	1.35E-05	1.65E-07	0	7.12E-06
Garritya	4.44E-06	0	6.61E-06	0	6.56E-06	4.16E-06	0	0	0	4.95E-07	0	0
Parahaliea	0	0	0	0	8.02E-06	0	0	0	7.11E-07	1.65E-07	0	1.33E-05
Kiloniella	1.03E-06	0	0	0	0	1.66E-05	9.13E-07	0	0	0	0	3.56E-06
Perlucidibaca	1.61E-05	0	0	0	0	0	0	2.86E-06	0	0	3.00E-06	0
GoM-GC232-4463-Bac1	6.84E-07	0	0	0	0	0	0	2.07E-05	0	0	0	0
Halocyprida	0	0	8.26E-07	0	1.46E-05	2.50E-06	0	0	7.11E-07	1.81E-06	0	8.90E-07
Magnetococcus	1.40E-05	0	4.96E-06	0	1.46E-06	8.32E-07	0	0	0	0	0	0
wb1-A12	2.05E-06	0	8.26E-07	0	2.92E-06	1.25E-05	0	0	0	6.60E-07	2.00E-06	0
Cucumibacter	2.05E-06	0	8.26E-06	0	9.48E-06	0	0	0	0	0	0	8.90E-07
Sulfurovum	8.55E-06	0	0	0	5.10E-06	0	0	3.57E-06	0	0	3.00E-06	0
Parcubacteria	0	0	0	0	9.48E-06	0	0	0	0	8.74E-06	2.00E-06	0
Epulopiscium	3.42E-06	0	0	0	2.92E-06	1.25E-05	0	0	0	0	1.00E-06	0
Curtobacterium	1.37E-06	0	1.65E-06	8.52E-07	7.29E-06	8.32E-07	0	0	7.11E-07	0	7.01E-06	0
Ideonella	3.42E-07	6.62E-07	8.26E-07	0	7.29E-07	0	1.42E-05	7.14E-07	0	1.65E-07	2.00E-06	0
Schekmanbacteria	2.05E-06	0	3.31E-06	0	5.10E-06	0	1.37E-06	0	1.42E-06	8.25E-07	0	5.34E-06
Motiliproteus	1.37E-06	6.62E-07	0	0	1.46E-05	0	0	0	0	9.90E-07	0	1.78E-06
Halarcobacter	2.39E-06	0	4.13E-06	0	1.46E-06	8.32E-07	0	0	0	6.60E-07	9.01E-06	8.90E-07
MBAE14	2.05E-06	1.32E-06	1.65E-06	1.70E-06	1.46E-06	1.66E-06	4.57E-07	4.28E-06	1.42E-06	3.30E-07	2.00E-06	8.90E-07
Thiovulum	0	0	1.57E-05	0	2.19E-06	8.32E-07	0	0	0	0	0	0
PRD18C08	8.21E-06	0	1.65E-06	0	0	0	0	8.57E-06	0	0	0	0
Pseudoxanthomonas	4.10E-06	6.62E-07	8.26E-07	0	5.83E-06	0	0	7.14E-07	2.13E-06	3.13E-06	1.00E-06	0
Planctomicrobium	2.39E-06	0	2.48E-06	8.52E-07	6.56E-06	4.99E-06	0	0	0	0	1.00E-06	0
I3A	3.42E-07	0	9.92E-06	0	8.02E-06	0	0	0	0	0	0	0
Anaeroplasma	6.84E-07	0	0	0	0	1.75E-05	0	0	0	0	0	0
Leptolyngbya_PCC-6306	0	0	0	0	0	0	0	1.79E-05	0	0	0	0
[Agitococcus]_lubricus_group	3.42E-06	0	8.26E-07	0	0	1.66E-06	1.00E-05	0	7.11E-07	1.65E-07	1.00E-06	0
Spirosoma	0	0	0	0	7.29E-07	1.66E-06	0	0	0	0	1.00E-06	1.42E-05
Candidatus_Brocadia	0	0	0	0	5.10E-06	0	0	0	0	0	0	1.25E-05
P0X4b2H11	2.05E-06	0	3.31E-06	8.52E-07	7.29E-07	0	5.48E-06	1.43E-06	0	0	0	3.56E-06
Oceanicaulis	1.37E-06	0	0	0	1.46E-06	3.33E-06	0	5.00E-06	3.55E-06	6.60E-07	2.00E-06	0
Flammeovirga	3.42E-07	0	0	0	0	0	0	0	0	1.60E-05	1.00E-06	0
Gloeocapsa_PCC-7428	2.39E-06	0	0	0	0	1.33E-05	0	0	0	4.95E-07	1.00E-06	0
Candidatus_Tenderia	6.15E-06	3.97E-06	0	0	0	0	5.02E-06	0	0	1.65E-07	1.00E-06	8.90E-07
Weissella	6.84E-07	0	0	0	1.46E-06	0	0	0	0	0	1.50E-05	0
DEV008	0	0	8.26E-07	0	0	0	0	0	0	0	1.60E-05	0
Algitalea	3.08E-06	0	0	0	4.37E-06	8.32E-06	0	0	7.11E-07	0	0	0
SPG12-343-353-B69	2.05E-06	0	0	0	7.29E-07	0	1.37E-05	0	0	0	0	0
Candidatus_Colwellbacteria	0	0	0	0	0	0	0	0	0	0	1.10E-05	5.34E-06
Pseudooceanicola	1.03E-06	0	1.65E-06	0	2.92E-06	0	0	7.14E-07	0	0	1.00E-05	0
Leuconostoc	6.84E-07	0	0	0	2.92E-06	8.32E-06	0	0	4.26E-06	0	0	0
Subgroup_7	6.84E-07	0	0	0	0	0	1.19E-05	0	0	8.25E-07	1.00E-06	1.78E-06
SBYX-4944	0	0	0	0	0	0	0	0	0	0	1.60E-05	0
Fusobacterium	2.39E-06	0	4.96E-06	0	3.64E-06	3.33E-06	0	0	0	4.95E-07	0	8.90E-07
B2706-C7	0	0	0	0	0	0	0	0	0	1.55E-05	0	0
Lokiarchaeia	0	0	3.31E-06	0	2.92E-06	0	0	0	0	0	3.00E-06	6.23E-06
Aenigmarchaeales	1.47E-05	6.62E-07	0	0	0	0	0	0	0	0	0	0
SPG12-461-471-B8	1.03E-06	0	8.26E-07	0	1.46E-06	8.32E-06	3.65E-06	0	0	0	0	0
ANME-2a-2b	0	0	0	0	0	0	0	0	0	0	1.00E-06	1.42E-05
Marinagarivorans	3.42E-07	0	8.26E-07	0	3.64E-06	1.66E-06	1.83E-06	0	0	9.90E-07	2.00E-06	3.56E-06
IMCC26256	2.05E-06	0	0	0	1.46E-06	0	0	0	0	0	6.01E-06	5.34E-06
Leptotrichia	2.39E-06	0	8.26E-07	0	1.46E-06	8.32E-07	0	0	1.42E-06	0	7.01E-06	8.90E-07
Chroococcidiopsis_SAG_2023	2.74E-06	0	0	1.19E-05	0	0	0	0	0	1.65E-07	0	0
[Ruminococcus]_torques_group	0	0	0	0	1.09E-05	0	0	0	1.42E-06	1.65E-07	2.00E-06	0
Deep_Sea_Euryarchaeotic_Group(DSEG)	0	0	9.92E-06	0	4.37E-06	0	0	0	0	0	0	0
Thiomargarita	1.16E-05	0	0	8.52E-07	7.29E-07	0	0	0	7.11E-07	0	0	0
Flectobacillus	8.89E-06	0	0	0	0	0	2.28E-06	0	7.11E-07	0	2.00E-06	0
Candidatus_Isobeggiatoa	2.05E-06	0	7.44E-06	0	4.37E-06	0	0	0	0	0	0	0
Anaerococcus	3.42E-07	0	0	0	0	0	0	0	0	1.65E-07	0	1.33E-05
Tistlia	6.84E-07	0	4.96E-06	0	3.64E-06	3.33E-06	0	0	0	0	1.00E-06	0
Actinobacillus	1.03E-06	0	8.26E-07	0	1.17E-05	0	0	0	0	0	0	0
MVP-88	3.42E-07	0	0	0	1.02E-05	2.50E-06	4.57E-07	0	0	0	0	0
Pelagibius	3.76E-06	0	0	0	4.37E-06	1.66E-06	0	0	2.13E-06	1.48E-06	0	0
SBR1031	1.37E-06	0	8.26E-06	0	3.64E-06	0	0	0	0	0	0	0
1124	1.03E-06	0	9.09E-06	0	0	8.32E-07	2.28E-06	0	0	0	0	0
CG1-02-57-44	0	0	1.32E-05	0	0	0	0	0	0	0	0	0
PAUC43f_marine_benthic_group	0	6.62E-07	1.24E-05	0	0	0	0	0	0	0	0	0
Flexithrix	3.42E-07	0	3.31E-06	0	6.56E-06	8.32E-07	0	0	0	0	2.00E-06	0
Bacteriovoracaceae	3.42E-07	0	8.26E-07	4.26E-06	0	1.66E-06	0	0	2.13E-06	2.80E-06	0	8.90E-07
Nisaea	1.71E-06	0	0	0	0	1.08E-05	0	0	0	0	0	0
Antricoccus	0	6.62E-07	9.09E-06	8.52E-07	0	0	9.13E-07	0	0	0	1.00E-06	0
Desulfofrigus	6.50E-06	0	0	0	0	4.99E-06	0	7.14E-07	0	1.65E-07	0	0
Rhodanobacter	0	0	0	0	0	0	1.23E-05	0	0	0	0	0
Aliterella	6.84E-07	0	0	0	0	0	0	0	0	0	0	1.16E-05
Aquimonas	1.71E-06	0	0	0	0	4.16E-06	0	0	0	3.30E-07	6.01E-06	0
ML602M-17	0	0	0	0	7.29E-07	9.16E-06	0	1.43E-06	0	0	0	8.90E-07
Pleurocapsa_PCC-7319	0	0	0	0	0	0	6.85E-06	0	0	0	0	5.34E-06
Neochlamydia	3.42E-06	0	2.48E-06	0	2.19E-06	8.32E-07	0	0	0	1.65E-07	3.00E-06	0
Pseudolabrys	0	0	0	0	0	0	0	0	0	0	1.20E-05	0
Rapidithrix	2.05E-06	0	0	0	7.29E-07	4.16E-06	5.02E-06	0	0	0	0	0
Candidatus_Protochlamydia	8.89E-06	0	0	0	2.19E-06	8.32E-07	0	0	0	0	0	0
pItb-vmat-80	1.03E-06	0	8.26E-06	0	0	2.50E-06	0	0	0	0	0	0
SCGC_AB-179-E04	1.09E-05	0	0	0	7.29E-07	0	0	0	0	0	0	0
Silvanigrella	6.84E-07	0	6.61E-06	0	1.46E-06	8.32E-07	1.37E-06	7.14E-07	0	0	0	0
Desulfobacula	3.42E-07	0	0	0	0	0	1.10E-05	0	0	1.65E-07	0	0
Candidatus_Marithrix	0	0	0	0	1.46E-06	9.99E-06	0	0	0	0	0	0
JGI_0001001-H03	0	0	0	0	0	0	0	1.14E-05	0	0	0	0
Mesorhizobium	0	0	0	0	0	0	0	1.14E-05	0	0	0	0
Alloprevotella	5.81E-06	0	8.26E-07	0	7.29E-07	0	0	0	0	4.95E-07	0	3.56E-06
Sva0485	3.42E-07	0	0	0	0	0	0	0	0	1.09E-05	0	0
Rikenellaceae_RC9_gut_group	0	0	0	0	1.02E-05	0	0	0	0	0	1.00E-06	0
Luteolibacter	0	0	1.07E-05	0	0	0	4.57E-07	0	0	0	0	0
Lenti-02	0	0	5.78E-06	0	2.92E-06	0	4.57E-07	0	0	0	2.00E-06	0
Capnocytophaga	0	0	2.48E-06	0	0	2.50E-06	0	0	0	0	6.01E-06	0
Zhongshania	3.76E-06	0	4.96E-06	0	2.19E-06	0	0	0	0	0	0	0
Aestuariispira	6.50E-06	0	0	0	1.46E-06	1.66E-06	0	0	0	1.65E-07	1.00E-06	0
Alkanindiges	3.42E-07	0	4.13E-06	0	0	8.32E-07	0	0	1.42E-06	0	4.00E-06	0
Candidatus_Kuenenbacteria	3.42E-07	0	5.78E-06	0	2.92E-06	1.66E-06	0	0	0	0	0	0
Nitriliruptoraceae	0	0	0	0	0	4.16E-06	0	0	6.40E-06	0	0	0
EF100-94H03	6.84E-07	0	0	0	0	0	4.57E-07	4.28E-06	0	0	5.01E-06	0
Lacibacter	3.76E-06	0	0	0	0	0	9.13E-07	7.14E-07	0	0	5.01E-06	0
Candidatus_Hepatincola	6.84E-07	0	0	0	0	4.99E-06	0	0	0	0	2.00E-06	2.67E-06
Izemoplasmatales	2.39E-06	0	0	0	1.46E-06	2.50E-06	1.83E-06	0	0	0	2.00E-06	0
Arthrobacter	1.71E-06	0	0	1.70E-06	1.46E-06	3.33E-06	0	0	0	0	0	1.78E-06
Haliscomenobacter	9.91E-06	0	0	0	0	0	0	0	0	0	0	0
Chondromyces	0	0	0	0	0	8.32E-07	0	0	0	9.07E-06	0	0
Rs-M59_termite_group	3.42E-07	0	0	0	3.64E-06	0	0	0	0	4.95E-07	0	5.34E-06
Craurococcus-Caldovatus	0	0	0	1.70E-06	0	0	0	0	0	0	0	8.01E-06
Rhodococcus	3.42E-06	6.62E-07	8.26E-07	0	7.29E-07	2.50E-06	1.37E-06	0	0	1.65E-07	0	0
SG8-5	9.57E-06	0	0	0	0	0	0	0	0	0	0	0
Colletotrichum	1.71E-06	0	8.26E-07	0	0	8.32E-07	1.37E-06	7.14E-07	0	1.15E-06	1.00E-06	1.78E-06
Poseidonibacter	0	5.96E-06	0	0	2.92E-06	0	0	0	0	4.95E-07	0	0
Parachlamydiaceae	3.42E-07	0	0	0	2.92E-06	5.83E-06	0	0	0	1.65E-07	0	0
Zixibacteria	1.03E-06	0	0	0	7.29E-07	7.49E-06	0	0	0	0	0	0
Candidatus_Obscuribacter	1.37E-06	0	0	0	3.64E-06	3.33E-06	0	0	0	0	0	8.90E-07
Lawsonella	0	6.62E-07	0	0	7.29E-07	5.83E-06	0	0	0	9.90E-07	1.00E-06	0
Bythopirellula	0	0	3.31E-06	0	5.83E-06	0	0	0	0	0	0	0
Polyangia	0	0	0	0	0	0	0	0	0	9.07E-06	0	0
Victivallaceae	0	0	0	0	0	0	0	0	0	9.07E-06	0	0
TRA3-20	2.05E-06	0	8.26E-07	0	0	0	5.94E-06	0	0	1.65E-07	0	0
Fusibacter	6.84E-07	0	4.13E-06	0	0	0	0	0	0	3.13E-06	1.00E-06	0
MBNT15	1.03E-06	0	0	0	2.92E-06	0	0	0	0	0	5.01E-06	0
Sh765B-TzT-20	0	0	0	0	0	0	0	0	0	0	0	8.90E-06
Clostridia_vadinBB60_group	0	0	0	0	2.92E-06	2.50E-06	1.37E-06	0	0	0	2.00E-06	0
Nordella	3.76E-06	0	0	0	0	0	0	0	0	0	5.01E-06	0
Serratia	3.42E-07	6.62E-07	0	0	7.29E-07	0	0	0	0	0	7.01E-06	0
Gemella	1.71E-06	0	8.26E-07	0	0	5.83E-06	0	0	0	3.30E-07	0	0
Pyruvatibacter	3.42E-07	0	1.65E-06	8.52E-07	4.37E-06	0	4.57E-07	0	0	0	1.00E-06	0
Hymenobacter	3.42E-07	0	0	0	0	8.32E-06	0	0	0	0	0	0
mle1-27	2.74E-06	0	4.13E-06	0	0	0	0	0	0	0	0	1.78E-06
Brumimicrobium	3.42E-07	0	8.26E-06	0	0	0	0	0	0	0	0	0
Glaciecola	3.42E-07	0	0	0	1.46E-06	1.66E-06	0	0	0	3.30E-07	3.00E-06	1.78E-06
AKYH767	6.84E-07	0	5.78E-06	0	0	0	0	0	0	1.98E-06	0	0
Luteibaculum	0	0	3.31E-06	0	0	0	0	0	0	5.11E-06	0	0
Marixanthomonas	0	0	8.26E-06	0	0	0	0	0	0	0	0	0
Thalassolituus	1.03E-06	0	2.48E-06	0	1.46E-06	8.32E-07	9.13E-07	0	0	4.95E-07	1.00E-06	0
Rhodomicrobium	0	0	0	0	1.46E-06	0	4.57E-06	7.14E-07	0	4.95E-07	0	8.90E-07
Vampirovibrionales	0	0	8.26E-07	0	7.29E-06	0	0	0	0	0	0	0
Solobacterium	0	0	0	0	8.02E-06	0	0	0	0	0	0	0
Ferritrophicum	0	5.30E-06	0	0	0	0	0	0	7.11E-07	0	2.00E-06	0
Neorickettsia	4.44E-06	0	0	0	0	0	0	0	0	0	0	3.56E-06
Candidatus_Nitrososphaera	3.42E-06	0	0	0	4.37E-06	0	0	0	0	0	0	0
Vermiphilaceae	4.44E-06	6.62E-07	1.65E-06	0	7.29E-07	0	0	0	0	1.65E-07	0	0
Veillonella	0	0	4.96E-06	0	0	1.66E-06	0	0	0	0	1.00E-06	0
Ilumatobacter	1.03E-06	0	4.13E-06	0	1.46E-06	8.32E-07	0	0	0	1.65E-07	0	0
Pseudenhygromyxa	0	0	0	0	3.64E-06	0	0	0	0	2.14E-06	0	1.78E-06
Lacunisphaera	7.52E-06	0	0	0	0	0	0	0	0	0	0	0
RBG-16-49-21	7.52E-06	0	0	0	0	0	0	0	0	0	0	0
Niveispirillum	3.42E-07	0	0	0	7.29E-07	0	6.39E-06	0	0	0	0	0
Oceanotoga	0	0	7.44E-06	0	0	0	0	0	0	0	0	0
Alkalibacterium	0	0	0	0	0	0	7.31E-06	0	0	0	0	0
Acholeplasma	0	0	0	0	7.29E-06	0	0	0	0	0	0	0
Rs-K70_termite_group	5.81E-06	0	0	0	1.46E-06	0	0	0	0	0	0	0
Bergeyella	0	0	0	0	0	4.99E-06	1.37E-06	0	0	0	0	8.90E-07
MBMPE27	3.42E-07	0	4.13E-06	0	0	0	1.83E-06	0	0	0	0	8.90E-07
Chromohalobacter	0	0	0	0	5.83E-06	0	4.57E-07	0	0	0	0	8.90E-07
Caenarcaniphilales	3.42E-06	6.62E-07	0	0	2.92E-06	0	0	0	0	1.65E-07	0	0
Endothiovibrio	3.42E-07	0	0	0	5.10E-06	0	0	0	0	1.65E-06	0	0
Pedobacter	1.37E-06	0	0	0	0	0	0	0	7.11E-07	0	5.01E-06	0
Kangiella	0	0	0	0	7.29E-07	3.33E-06	0	0	0	0	2.00E-06	8.90E-07
Robiginitalea	0	0	8.26E-07	0	5.10E-06	8.32E-07	0	0	0	1.65E-07	0	0
Hirschia	0	0	0	8.52E-07	0	0	4.57E-07	0	7.11E-07	0	4.00E-06	8.90E-07
Tolumonas	1.03E-06	0	0	0	5.83E-06	0	0	0	0	0	0	0
H3.93	0	0	0	0	0	0	6.85E-06	0	0	0	0	0
Aliidiomarina	0	0	0	0	5.83E-06	8.32E-07	0	0	0	0	0	0
Pseudomaricurvus	0	0	0	0	5.83E-06	8.32E-07	0	0	0	0	0	0
Tannerella	5.13E-06	0	0	0	1.46E-06	0	0	0	0	0	0	0
Desulfobulbus	3.42E-07	0	8.26E-07	0	0	0	0	0	0	0	0	5.34E-06
Constrictibacter	0	0	0	0	2.92E-06	0	0	0	0	0	0	3.56E-06
Micrarchaeales	0	0	0	0	1.46E-06	4.99E-06	0	0	0	0	0	0
LCP-89	1.03E-06	0	0	0	3.64E-06	0	0	0	0	0	0	1.78E-06
Thiomonas	0	0	0	0	0	0	0	6.43E-06	0	0	0	0
Labrenzia	0	6.62E-07	0	0	7.29E-07	4.99E-06	0	0	0	0	0	0
Porphyrobacter	3.76E-06	0	0	0	7.29E-07	0	0	0	0	0	0	1.78E-06
Agathobacter	0	0	0	0	0	8.32E-07	0	0	0	0	0	5.34E-06
Nitrincola	2.05E-06	0	0	0	7.29E-07	0	3.20E-06	0	0	1.65E-07	0	0
Schleiferia	2.39E-06	0	0	0	1.46E-06	0	4.57E-07	0	0	8.25E-07	0	8.90E-07
Litoricola	0	0	3.31E-06	0	0	1.66E-06	0	0	0	0	1.00E-06	0
Candidatus_Peregrinibacteria	0	0	0	0	0	5.83E-06	0	0	0	0	0	0
Haemophilus	0	0	0	0	0	5.83E-06	0	0	0	0	0	0
Elusimicrobium	3.42E-07	1.32E-06	1.65E-06	0	0	0	0	0	1.42E-06	0	1.00E-06	0
Sedimenticola	0	0	0	0	5.10E-06	0	4.57E-07	0	0	1.65E-07	0	0
Defluviitaleaceae_UCG-011	5.47E-06	0	0	0	0	0	0	0	0	0	0	0
Gluconobacter	5.47E-06	0	0	0	0	0	0	0	0	0	0	0
Seonamhaeicola	1.03E-06	0	0	0	4.37E-06	0	0	0	0	0	0	0
Lactococcus	0	0	0	0	0	1.66E-06	0	0	7.11E-07	0	3.00E-06	0
GWC2-45-44	0	0	0	0	0	0	0	0	0	0	0	5.34E-06
Thiobacillus	6.84E-07	0	1.65E-06	0	0	0	0	2.86E-06	0	0	0	0
Sva0081_sediment_group	5.13E-06	0	0	0	0	0	0	0	0	0	0	0
Variovorax	3.42E-07	1.32E-06	0	2.55E-06	0	0	0	0	0	0	0	8.90E-07
ZOR0006	0	0	0	0	5.10E-06	0	0	0	0	0	0	0
Geothrix	0	0	0	0	0	0	5.02E-06	0	0	0	0	0
Flavirhabdus	0	0	0	0	0	0	0	0	0	0	5.01E-06	0
Vagococcus	0	0	0	0	0	0	0	0	0	0	5.01E-06	0
Ferriphaselus	0	0	0	0	0	0	0	0	0	0	5.01E-06	0
Muribaculaceae	0	0	0	0	0	4.99E-06	0	0	0	0	0	0
Turneriella	2.74E-06	0	0	0	7.29E-07	0	0	0	0	4.95E-07	1.00E-06	0
Eisenibacter	0	0	0	0	0	0	1.37E-06	0	0	0	0	3.56E-06
Olsenella	4.79E-06	0	0	0	0	0	0	0	0	0	0	0
Sphingobacteriaceae	4.79E-06	0	0	0	0	0	0	0	0	0	0	0
Aquimarina	0	0	0	0	7.29E-07	0	0	0	0	0	4.00E-06	0
Bathyarchaeia	0	0	0	0	2.19E-06	2.50E-06	0	0	0	0	0	0
Piscirickettsia	1.37E-06	0	0	0	2.92E-06	0	0	0	0	3.30E-07	0	0
Psychrobacter	6.84E-07	0	0	0	7.29E-07	0	0	0	0	1.65E-07	3.00E-06	0
Elev-16S-1166	4.44E-06	0	0	0	0	0	0	0	0	0	0	0
Fournierella	4.44E-06	0	0	0	0	0	0	0	0	0	0	0
Draconibacterium	2.74E-06	0	1.65E-06	0	0	0	0	0	0	0	0	0
Bacteroidetes_VC2.1_Bac22	3.42E-07	0	0	0	2.92E-06	0	0	0	0	0	1.00E-06	0
Chroococcidiopsis_PCC_7203	0	0	0	0	0	4.16E-06	0	0	0	0	0	0
Crenothrix	6.84E-07	0	0	0	0	8.32E-07	0	0	0	6.60E-07	1.00E-06	8.90E-07
Dechlorosoma	3.42E-07	0	0	0	0	0	0	0	7.11E-07	0	3.00E-06	0
vadinBA26	0	0	0	0	0	0	0	0	0	0	4.00E-06	0
Thalassomonas	2.39E-06	6.62E-07	0	0	0	0	9.13E-07	0	0	0	0	0
Neisseria	0	1.32E-06	0	8.52E-07	0	0	0	7.14E-07	0	0	1.00E-06	0
Pseudarcobacter	3.42E-07	0	1.65E-06	8.52E-07	0	0	0	0	0	0	1.00E-06	0
Campylobacter	0	0	1.65E-06	0	2.19E-06	0	0	0	0	0	0	0
Xanthobacter	0	6.62E-07	8.26E-07	0	0	0	9.13E-07	7.14E-07	7.11E-07	0	0	0
Megamonas	3.08E-06	0	0	0	7.29E-07	0	0	0	0	0	0	0
OLB12	0	0	0	0	0	3.33E-06	4.57E-07	0	0	0	0	0
Streptomyces	0	0	0	0	0	3.33E-06	4.57E-07	0	0	0	0	0
Alkanibacter	3.76E-06	0	0	0	0	0	0	0	0	0	0	0
Robiginitomaculum	2.05E-06	0	0	0	0	1.66E-06	0	0	0	0	0	0
Pleomorphomonas	0	0	0	0	7.29E-07	2.50E-06	4.57E-07	0	0	0	0	0
Parabacteroides	3.42E-07	0	2.48E-06	8.52E-07	0	0	0	0	0	0	0	0
Gemmatimonas	3.42E-07	0	1.65E-06	0	0	1.66E-06	0	0	0	0	0	0
UCG-004	0	0	0	0	0	0	3.65E-06	0	0	0	0	0
Hypnocyclicus	0	0	0	0	3.64E-06	0	0	0	0	0	0	0
Immundisolibacter	0	0	0	0	3.64E-06	0	0	0	0	0	0	0
Edaphobaculum	1.71E-06	0	0	0	1.46E-06	0	4.57E-07	0	0	0	0	0
Ulvibacter	0	0	0	0	7.29E-07	0	0	0	0	1.65E-07	0	2.67E-06
Dysgonomonas	0	0	0	0	7.29E-07	0	0	0	0	2.80E-06	0	0
Moraxella	6.84E-07	0	0	0	1.46E-06	0	0	0	0	1.32E-06	0	0
Dokdonella	0	0	8.26E-07	0	0	0	4.57E-07	2.14E-06	0	0	0	0
Marinococcus	3.42E-06	0	0	0	0	0	0	0	0	0	0	0
Paucimonas	3.42E-06	0	0	0	0	0	0	0	0	0	0	0
Desulfobacterium	3.42E-07	0	0	0	2.19E-06	0	0	0	0	0	0	8.90E-07
Lineage_IIb	0	0	0	0	7.29E-07	0	0	0	0	0	0	2.67E-06
Lachnoanaerobaculum	0	0	0	0	0	3.33E-06	0	0	0	0	0	0
Tyzzerella	0	0	0	0	0	3.33E-06	0	0	0	0	0	0
Oceaniserpentilla	0	0	3.31E-06	0	0	0	0	0	0	0	0	0
AT-s3-28	0	0	0	0	0	0	0	2.14E-06	7.11E-07	3.30E-07	0	0
CH2b56	0	6.62E-07	0	0	0	2.50E-06	0	0	0	0	0	0
Amsterdam-1B-07	0	0	0	0	1.46E-06	1.66E-06	0	0	0	0	0	0
Desulfobotulus	2.39E-06	0	0	0	0	0	0	0	7.11E-07	0	0	0
Cardiobacterium	0	0	0	0	2.92E-06	0	0	0	0	1.65E-07	0	0
Caedibacter	3.08E-06	0	0	0	0	0	0	0	0	0	0	0
Terrimicrobium	3.08E-06	0	0	0	0	0	0	0	0	0	0	0
Auricoccus-Abyssicoccus	0	0	0	0	2.92E-06	0	0	0	0	0	0	0
Flammeovirgaceae	0	0	0	0	2.92E-06	0	0	0	0	0	0	0
Luteivirga	3.42E-07	0	0	0	1.46E-06	0	0	0	0	1.65E-07	0	8.90E-07
Pyrinomonas	0	0	0	0	0	0	0	0	2.84E-06	0	0	0
SEEP-SRB1	0	0	0	0	1.46E-06	0	4.57E-07	0	7.11E-07	1.65E-07	0	0
Oceanibaculum	3.42E-07	0	0	0	7.29E-07	0	4.57E-07	0	0	3.30E-07	0	8.90E-07
Anaerospora	2.74E-06	0	0	0	0	0	0	0	0	0	0	0
Fimbriiglobus	0	0	8.26E-07	0	0	0	4.57E-07	7.14E-07	7.11E-07	0	0	0
Pandoraea	1.37E-06	1.32E-06	0	0	0	0	0	0	0	0	0	0
Alkalimarinus	0	0	0	0	0	0	0	0	0	0	0	2.67E-06
Nevskia	0	0	0	0	0	0	0	0	0	0	0	2.67E-06
Lineage_IIc	0	0	0	0	0	0	0	0	0	0	0	2.67E-06
Permianibacter	0	0	0	0	0	0	0	0	0	0	0	2.67E-06
Truepera	0	0	0	0	0	8.32E-07	1.83E-06	0	0	0	0	0
Alteromonadaceae	1.71E-06	0	0	0	0	0	0	0	0	0	0	8.90E-07
Hathewaya	1.71E-06	0	8.26E-07	0	0	0	0	0	0	0	0	0
CG1-02-32-21	0	0	0	0	0	2.50E-06	0	0	0	0	0	0
CK-2C2-2	0	0	0	0	0	2.50E-06	0	0	0	0	0	0
Gastranaerophilales	0	0	2.48E-06	0	0	0	0	0	0	0	0	0
Chlamydia	0	0	2.48E-06	0	0	0	0	0	0	0	0	0
Chthonomonas	0	0	0	0	0	0	0	0	1.42E-06	0	1.00E-06	0
Candidatus_Uhrbacteria	2.39E-06	0	0	0	0	0	0	0	0	0	0	0
Conexibacter	2.39E-06	0	0	0	0	0	0	0	0	0	0	0
Thiomicrorhabdus	0	0	1.65E-06	0	0	0	0	7.14E-07	0	0	0	0
Planktothricoides_SR001	0	0	8.26E-07	0	1.46E-06	0	0	0	0	0	0	0
Oceanococcus	1.37E-06	0	0	0	0	0	0	0	0	0	0	8.90E-07
Acidipropionibacterium	3.42E-07	0	0	0	0	0	0	0	0	0	1.00E-06	8.90E-07
Castellaniella	0	0	0	0	2.19E-06	0	0	0	0	0	0	0
Atopobium	0	0	0	0	2.19E-06	0	0	0	0	0	0	0
Phaselicystis	0	0	0	0	0	0	0	0	0	1.65E-07	2.00E-06	0
Candidatus_Magasanikbacteria	2.05E-06	0	0	0	0	0	0	0	0	0	0	0
Waddlia	2.05E-06	0	0	0	0	0	0	0	0	0	0	0
Bacteroidetes_BD2-2	3.42E-07	0	0	0	0	1.66E-06	0	0	0	0	0	0
Desulfoconvexum	3.42E-07	0	0	0	0	1.66E-06	0	0	0	0	0	0
Fibrisoma	0	0	0	0	0	0	0	0	0	0	2.00E-06	0
Pseudochelatococcus	0	0	0	0	0	0	0	0	0	0	2.00E-06	0
Pseudorhodoplanes	0	0	0	0	0	1.66E-06	0	0	0	3.30E-07	0	0
Pseudobowmanella	1.03E-06	0	0	0	7.29E-07	0	0	0	0	1.65E-07	0	0
B2M28	1.03E-06	0	0	0	0	8.32E-07	0	0	0	0	0	0
IMCC26207	0	0	8.26E-07	0	0	0	0	0	0	0	1.00E-06	0
SBYC	3.42E-07	0	0	0	1.46E-06	0	0	0	0	0	0	0
Gardnerella	0	0	0	0	0	0	0	0	0	0	0	1.78E-06
Candidatus_Komeilibacteria	0	0	0	0	0	0	0	0	0	0	0	1.78E-06
Ferrithrix	0	0	0	0	0	0	0	0	0	0	0	1.78E-06
Lutibacter	0	0	0	0	0	0	0	0	0	0	0	1.78E-06
MSBL5	0	0	0	0	0	0	0	0	0	0	0	1.78E-06
Candidatus_Adlerbacteria	0	0	0	0	0	0	0	0	0	0	0	1.78E-06
Diaphorobacter	3.42E-07	0	0	0	0	0	0	0	1.42E-06	0	0	0
Rubellimicrobium	1.71E-06	0	0	0	0	0	0	0	0	0	0	0
Gitt-GS-136	0	0	0	0	0	1.66E-06	0	0	0	0	0	0
Candidatus_Vesicomyosocius	0	0	0	0	0	1.66E-06	0	0	0	0	0	0
Carboxylicivirga	0	0	0	0	0	1.66E-06	0	0	0	0	0	0
[Desulfobacterium]_catecholicum_group	0	0	0	0	0	1.66E-06	0	0	0	0	0	0
Candidatus_Yanofskybacteria	0	0	0	0	0	1.66E-06	0	0	0	0	0	0
EC94	0	0	0	0	0	1.66E-06	0	0	0	0	0	0
KD4-96	0	0	1.65E-06	0	0	0	0	0	0	0	0	0
Tessaracoccus	0	6.62E-07	0	0	0	0	9.13E-07	0	0	0	0	0
KIST-JJY010	6.84E-07	0	0	0	0	0	0	0	0	0	0	8.90E-07
Taeseokella	0	0	8.26E-07	0	7.29E-07	0	0	0	0	0	0	0
NK4A214_group	0	0	8.26E-07	0	7.29E-07	0	0	0	0	0	0	0
Thaumasiovibrio	0	0	8.26E-07	0	7.29E-07	0	0	0	0	0	0	0
Candidatus_Finniella	0	0	0	0	0	8.32E-07	0	0	7.11E-07	0	0	0
Mf105b01	0	0	0	0	0	8.32E-07	0	0	7.11E-07	0	0	0
Pontibacterium	0	0	8.26E-07	0	0	0	0	7.14E-07	0	0	0	0
Helicobacter	6.84E-07	0	0	8.52E-07	0	0	0	0	0	0	0	0
Desulfobacter	6.84E-07	0	8.26E-07	0	0	0	0	0	0	0	0	0
Subgroup_2	0	0	0	0	1.46E-06	0	0	0	0	0	0	0
MSBL8	0	0	0	0	1.46E-06	0	0	0	0	0	0	0
PeM15	0	0	0	0	1.46E-06	0	0	0	0	0	0	0
Aurantisolimonas	0	0	0	0	1.46E-06	0	0	0	0	0	0	0
Cyclobacteriaceae	0	0	0	0	1.46E-06	0	0	0	0	0	0	0
GIF3	0	0	0	0	1.46E-06	0	0	0	0	0	0	0
Thioploca	0	0	0	0	1.46E-06	0	0	0	0	0	0	0
Marinimicrobium	0	0	0	0	1.46E-06	0	0	0	0	0	0	0
Omnitrophia	0	0	0	0	1.46E-06	0	0	0	0	0	0	0
Terasakiella	0	0	0	0	7.29E-07	0	0	0	7.11E-07	0	0	0
LD1-PA32	0	0	0	0	0	0	0	1.43E-06	0	0	0	0
Candidatus_Nucleicultrix	1.37E-06	0	0	0	0	0	0	0	0	0	0	0
Actinomycetospora	1.37E-06	0	0	0	0	0	0	0	0	0	0	0
Candidatus_Portnoybacteria	1.37E-06	0	0	0	0	0	0	0	0	0	0	0
Rhodopseudomonas	0	0	0	0	7.29E-07	0	4.57E-07	0	0	1.65E-07	0	0
Vitellibacter	3.42E-07	0	0	0	0	0	0	0	0	0	1.00E-06	0
Pectinatus	0	0	0	0	0	0	0	0	0	1.32E-06	0	0
Acetothermiia	0	0	0	0	0	0	0	0	0	1.65E-07	1.00E-06	0
Candidatus_Marithioploca	0	0	0	0	0	0	0	0	0	1.65E-07	1.00E-06	0
Formosa	0	0	8.26E-07	0	0	0	0	0	0	3.30E-07	0	0
Peptoniphilus	3.42E-07	0	0	0	7.29E-07	0	0	0	0	0	0	0
Nonlabens	0	0	0	0	0	0	0	0	0	1.65E-07	0	8.90E-07
Ezakiella	0	0	0	0	0	0	0	7.14E-07	0	3.30E-07	0	0
Berkelbacteria	1.03E-06	0	0	0	0	0	0	0	0	0	0	0
Ehrlichia	1.03E-06	0	0	0	0	0	0	0	0	0	0	0
Oceanisphaera	1.03E-06	0	0	0	0	0	0	0	0	0	0	0
Chlamydiales_Incertae_Sedis	1.03E-06	0	0	0	0	0	0	0	0	0	0	0
JG30-KF-CM45	0	0	0	0	0	0	0	0	0	0	1.00E-06	0
Sandaracinobacter	0	0	0	0	0	0	0	0	0	0	1.00E-06	0
V38	0	0	0	0	0	0	0	0	0	0	1.00E-06	0
Miliolida	0	0	0	0	0	0	0	0	0	0	1.00E-06	0
Algisphaera	0	0	0	0	0	0	9.13E-07	0	0	0	0	0
Loktanella	0	0	0	0	0	0	0	0	0	0	0	8.90E-07
B276-D12	0	0	0	0	0	0	0	0	0	0	0	8.90E-07
Arenicella	0	0	0	0	0	0	0	0	0	0	0	8.90E-07
Ectothiorhodospiraceae	0	0	0	0	0	0	0	0	0	0	0	8.90E-07
Amphritea	0	0	0	0	0	0	0	0	0	0	0	8.90E-07
SBZC-4624	0	0	0	0	0	0	0	0	0	0	0	8.90E-07
SHA-26	0	0	0	8.52E-07	0	0	0	0	0	0	0	0
Ahniella	0	0	0	8.52E-07	0	0	0	0	0	0	0	0
Jeotgalicoccus	3.42E-07	0	0	0	0	0	0	0	0	4.95E-07	0	0
Odinarchaeia	0	0	0	0	0	8.32E-07	0	0	0	0	0	0
Chryseolinea	0	0	0	0	0	8.32E-07	0	0	0	0	0	0
Fibrobacter	0	0	8.26E-07	0	0	0	0	0	0	0	0	0
Ottowia	0	0	8.26E-07	0	0	0	0	0	0	0	0	0
Acidibacter	0	0	8.26E-07	0	0	0	0	0	0	0	0	0
Dietzia	0	0	0	0	7.29E-07	0	0	0	0	0	0	0
Candidatus_Woesebacteria	0	0	0	0	7.29E-07	0	0	0	0	0	0	0
Dermacoccus	0	0	0	0	7.29E-07	0	0	0	0	0	0	0
Algivirga	0	0	0	0	7.29E-07	0	0	0	0	0	0	0
Flexibacter	0	0	0	0	7.29E-07	0	0	0	0	0	0	0
Thermoflexus	0	0	0	0	7.29E-07	0	0	0	0	0	0	0
PS-B29	0	0	0	0	7.29E-07	0	0	0	0	0	0	0
NKB5	0	0	0	0	7.29E-07	0	0	0	0	0	0	0
Roseisolibacter	0	0	0	0	0	0	0	0	7.11E-07	0	0	0
Thiothrix	0	0	0	0	0	0	0	0	7.11E-07	0	0	0
Leptospira	6.84E-07	0	0	0	0	0	0	0	0	0	0	0
Ellin517	6.84E-07	0	0	0	0	0	0	0	0	0	0	0
V2072-189E03	6.84E-07	0	0	0	0	0	0	0	0	0	0	0
Duganella	6.84E-07	0	0	0	0	0	0	0	0	0	0	0
Subgroup_9	6.84E-07	0	0	0	0	0	0	0	0	0	0	0
Iainarchaeales	6.84E-07	0	0	0	0	0	0	0	0	0	0	0
37-13	6.84E-07	0	0	0	0	0	0	0	0	0	0	0
Mucilaginibacter	6.84E-07	0	0	0	0	0	0	0	0	0	0	0
FS117-23B-02	6.84E-07	0	0	0	0	0	0	0	0	0	0	0
Merdibacter	6.84E-07	0	0	0	0	0	0	0	0	0	0	0
Peptococcus	6.84E-07	0	0	0	0	0	0	0	0	0	0	0
Stappiaceae	6.84E-07	0	0	0	0	0	0	0	0	0	0	0
SS1-B-07-19	6.84E-07	0	0	0	0	0	0	0	0	0	0	0
JS1	3.42E-07	0	0	0	0	0	0	0	0	3.30E-07	0	0
Fictibacillus	0	6.62E-07	0	0	0	0	0	0	0	0	0	0
Porphyromonas	0	0	0	0	0	0	4.57E-07	0	0	1.65E-07	0	0
Candidatus_Hemipteriphilus	0	0	0	0	0	0	0	0	0	4.95E-07	0	0
bac2nit3	0	0	0	0	0	0	0	0	0	4.95E-07	0	0
Caulobacteraceae	0	0	0	0	0	0	4.57E-07	0	0	0	0	0
Turicibacter	0	0	0	0	0	0	4.57E-07	0	0	0	0	0
Pedomicrobium	3.42E-07	0	0	0	0	0	0	0	0	0	0	0
DSSD61	3.42E-07	0	0	0	0	0	0	0	0	0	0	0
Anaerovorax	3.42E-07	0	0	0	0	0	0	0	0	0	0	0
Silanimonas	3.42E-07	0	0	0	0	0	0	0	0	0	0	0
Fermentibacteraceae	3.42E-07	0	0	0	0	0	0	0	0	0	0	0
Blastococcus	3.42E-07	0	0	0	0	0	0	0	0	0	0	0
Cnuella	3.42E-07	0	0	0	0	0	0	0	0	0	0	0
SM1A07	3.42E-07	0	0	0	0	0	0	0	0	0	0	0
Nubsella	3.42E-07	0	0	0	0	0	0	0	0	0	0	0
Candidatus_Phytoplasma	3.42E-07	0	0	0	0	0	0	0	0	0	0	0
Butyricicoccus	3.42E-07	0	0	0	0	0	0	0	0	0	0	0
Candidatus_Wolfebacteria	3.42E-07	0	0	0	0	0	0	0	0	0	0	0
Chitinimonas	3.42E-07	0	0	0	0	0	0	0	0	0	0	0
Candidatus_Solibacter	0	0	0	0	0	0	0	0	0	3.30E-07	0	0
Aerococcus	0	0	0	0	0	0	0	0	0	3.30E-07	0	0
Litorivivens	0	0	0	0	0	0	0	0	0	3.30E-07	0	0
Oligoflexus	0	0	0	0	0	0	0	0	0	3.30E-07	0	0
Heimdallarchaeia	0	0	0	0	0	0	0	0	0	3.30E-07	0	0
Marinilabiliaceae	0	0	0	0	0	0	0	0	0	3.30E-07	0	0
Prosthecobacter	0	0	0	0	0	0	0	0	0	1.65E-07	0	0
Finegoldia	0	0	0	0	0	0	0	0	0	1.65E-07	0	0
Sulfuricurvum	0	0	0	0	0	0	0	0	0	1.65E-07	0	0
Methylomonas	0	0	0	0	0	0	0	0	0	1.65E-07	0	0
